-0.0417748450367
-0.0486038904461
-0.0159581324657
-0.010392481415
-0.125368084087
-0.0253101962372
-0.0311759236288
-0.0730713159195
0.795753121104
-0.0101832697383
-0.138760844101
-0.014851570409
0.12834138189
-0.0833142180465
-0.0794513699596
0.456293575719
-0.214137154299
-0.0643851772918
0.764982115028
0.0998829935836
-0.215188536103
0.12751155172
0.235406634517
0.0998832388528
-0.00653636567001
-0.0693304797442
0.117176176613
-0.181615475498
-0.210557853674
0.846025129034
-0.0372515456016
0.0799438435608
0.125548733942
0.028942897753
0.00745445811752
0.851578912773
0.53116553679
-0.0407523514828
0.106079825966
-0.031048574912
-0.161207563114
0.521316365505
-0.210241273838
-0.0690011944667
0.0848365786039
0.0445498597275
-0.046484719538
-0.0236988922661
-0.017033735078
0.498579050283
-0.036152840595
0.776727404272
-0.0124020870692
-0.0202692177598
0.0422496695104
-0.0907568469739
-0.149289133817
-0.0383593418042
0.0969913024956
-0.00982213613584
0.955335971723
-0.0160614301192
0.118774373852
-0.0892976261448
0.998482401393
0.116604684185
-0.0444644132524
-0.150887022907
-0.00780906612987
0.809262725338
0.0244557965193
0.967648512763
-0.0786626099526
-0.0564534577152
-0.0261871687516
0.04760036498
0.598220353509
-0.0655959748393
0.679607586081
-0.214772542885
-0.0703191083674
0.00443151372639
-0.181091388395
0.272019049614
0.0218306199048
-0.0125729924932
-0.0146047525104
-0.194395401334
0.48977769114
0.0221822407132
-0.0878978792842
0.370075827231
-0.056050280178
-0.0811183504983
0.113982017965
-0.0110807475507
0.95321817097
-0.065631240207
-0.123553146311
-0.0714900667469
-0.16168595689
-0.169772382807
0.123677124606
-0.039231048681
0.170549648799
-0.133264948835
-0.211105882948
0.625828183673
-0.0533779789913
0.66912217556
-0.180225030533
0.0516140566861
-0.212033522913
0.123226205969
0.0449990687177
0.968858186282
0.457025433563
0.0872314353945
-0.0330894069295
-0.207345623007
-0.0214545498732
-0.111751528589
0.0988101512649
-0.0534035945359
0.0637978957461
0.0948021195719
-0.0239121587786
-0.217191707349
0.0290732086489
0.0598878554704
-0.208063189383
0.0310185521186
-0.00134328119197
-0.184752170756
0.125486215268
0.12367600112
0.0623442799524
-0.091189294125
-0.0888535919885
-0.0623016257923
-0.214842931774
0.0202797971185
-0.150768349925
-0.112614503124
-0.0512413304767
0.666402471806
0.0564099169804
0.126823396959
-0.195056284554
0.715613412256
0.126527161049
0.0776438496224
0.0511969383864
0.0385282460306
-0.0714552520883
0.691076143499
0.117474215277
0.473630245787
-0.211703415354
-0.00862530141067
-0.0552018339784
-0.114357774672
0.951085446949
0.463842976028
-0.0904389656336
-0.0792802174753
0.115520358026
-0.0682948262989
0.112747217893
0.0814973571718
0.451829062604
0.871651442529
-0.217232490682
-0.0877409338147
-0.015097619512
-0.0438652423674
-0.0280895199103
-0.0915857459855
-0.087095953193
-0.0812065601172
-0.0300782336094
-0.137419195727
0.835814046484
-0.0196535468271
-0.0582892127421
-0.0572194041071
-0.0116173344979
-0.090241350462
-0.215453727911
0.0646564617622
-0.189609325858
0.044000441563
-0.209558856979
0.127026488271
0.128357937596
0.111685011768
0.0870191432939
-0.130227693897
0.880816122713
0.0211886919116
0.380388009063
-0.101129878676
0.464410941564
-0.206762171811
0.123142316623
0.947039819451
-0.0685082219258
-0.134020066449
0.154296035499
0.127019644771
-0.117656606153
-0.0639032778579
0.0456702296622
-0.0474733293426
-0.0281172430282
0.423959936922
-0.0716228274539
-0.0279618310577
-0.00126491444858
-0.089657009608
0.999988421094
-0.214913722933
-0.0374617048504
-0.0154968285211
0.101627375247
-0.000367562230878
-0.04485568553
-0.183477882243
0.0551827938204
-0.0403228334552
-0.138189332325
-0.200440611041
0.60744544785
-0.14627397829
0.97274075374
-0.0286825246526
0.0117739791371
0.0194844110651
-0.170162661132
0.0106225933281
-0.0295237715347
-0.216996030575
-0.0313649156515
0.944650395922
0.0349291491047
-0.00908515962537
0.0825125967548
0.445176682762
-0.0312306004349
0.999635500632
-0.217109599248
-0.0403879919824
-0.0847919157872
-0.078889602347
0.126683716832
-0.161305406434
-0.168893742872
0.064864380794
0.115296969856
0.531752349827
0.925025162025
-0.215520543756
-0.100270033398
0.944518448082
0.99484306858
-0.0258181760809
-0.0149093276897
0.11632464753
0.0450939780517
0.264457446728
-0.0557375967696
-0.0526492777149
-0.206690436281
0.390024389329
0.99977398944
-0.215516341053
-0.0097371823694
-0.117326886863
-0.0291012838294
-0.161579468333
0.0796139336394
0.398329266476
-0.213752425268
0.0591122721458
0.100486672277
-0.0842744733611
-0.0614865583658
-0.211891330185
0.0525463578367
0.127351371961
-0.0642187626384
-0.114590696121
0.0704766206547
-0.0589384072386
-0.0713023938231
-0.200962453785
-0.0870073078907
-0.0851772762543
-0.115765573702
-0.138601811851
-0.0164963146575
-0.0656943401843
-0.0712531126233
-0.0977418029362
-0.0807744335445
-0.0254802768504
0.662425578711
-0.0545535257991
-0.00117530311948
0.121756788572
-0.013754235952
-0.0725619330678
-0.0414307377149
-0.0185401565264
0.309184610415
0.088682940901
0.0519466411446
-0.0510689976115
-0.0768604258451
0.0877502540497
-0.0279250541641
0.0377997627877
-0.197064310967
-0.0271526389924
0.707014227753
0.607201869145
0.00689150063024
-0.0433626736543
-0.0609821514773
0.0523576058761
-0.0875287608309
-0.0275926855645
-0.111061543971
-0.0102138118978
-0.0864203142346
-0.199781273875
-0.0585229087925
0.107896879777
0.0624491057589
0.117769487133
0.259253643747
0.114563404121
-0.0911642885379
-0.142299945393
0.171624409428
0.112443780782
0.0534930282064
0.484624324684
-0.154244180603
-0.0375542266276
0.997911711684
0.108551166684
0.0335725361931
0.0971534729233
0.125807037894
-0.0697595745363
-0.0603348752831
-0.146258436697
0.747162603461
0.361676638207
0.102449267963
0.501332272701
0.833471575612
-0.0877006985939
-0.158980370141
-0.0598385794217
0.109066154967
0.123632205739
-0.0450453678347
0.107842072879
0.411276807956
-0.206986152155
-0.0141286389705
0.487566706691
0.117167007839
-0.091611546149
-0.0352246420156
0.0985791077093
0.529372016052
-0.212191531992
0.583335503038
-0.19311575507
0.570907814387
0.7916858248
0.797474164466
0.128233630686
0.200960538822
-0.0178899435012
0.0222477858753
0.944940493822
-0.0204950564517
-0.182779972395
-0.210835704605
0.0289810817279
-0.0912385670791
-0.213944322298
0.320593583499
0.965364403347
-0.0535123241548
0.840791742209
0.973357261548
0.0143327623847
-0.147715244733
-0.0708466164369
-0.127164091004
0.128056183343
0.444608306155
0.118510728838
0.0820278724518
0.940548613269
0.127598311922
0.826234273609
-0.0785546180959
0.121070873179
-0.0595924020211
-0.175243606177
0.087009012861
0.11249371932
-0.0825434510296
0.0930366082946
-0.217229432476
-0.0853449001522
-0.0891580757097
-0.0895525109074
-0.0922106649531
-0.166840393691
0.294156147658
-0.0645282625595
-0.107233617121
0.0536972092767
-0.088355747661
-0.0782826043544
0.0230500817782
-0.0697177105501
-0.0837169202684
-0.0877448093781
0.0264924068025
0.0891833474011
0.983085631717
-0.213338490597
0.0989418530921
0.141475373657
-0.0186004384004
0.443229057092
0.118802671848
-0.00665807135925
-0.0556064305275
-0.146229801433
-0.0697236864838
0.127928445198
-0.0108466704108
-0.0307962864144
-0.0421836010323
0.493586184647
-0.129149514989
0.237963391083
0.975304824697
-0.0496662672501
-0.034786934235
0.0882497449067
0.115943991298
-0.0232493337172
0.998686898926
0.112786107184
-0.155134177944
-0.0320775072817
-0.0644592911106
-0.0912359872109
-0.0948117342654
-0.053610866737
0.0778200229185
0.108165464713
0.998265950401
-0.213042856482
-0.130094507611
-0.088873696002
-0.0390002405596
0.420931209988
-0.0913203685215
-0.0330610347599
0.0895126147757
-0.0048185625274
-0.210379602236
-0.067877191635
-0.00514584403898
-0.182743616886
0.113809714293
0.981869328584
-0.031991289236
0.291654774189
0.997657573908
0.839409647293
0.328252516689
-0.0206098082501
0.124648987084
0.481193696501
0.0280562418352
0.0203365913152
0.0708112519052
0.1283252783
-0.160336895139
-0.0909392118256
0.0845246033828
0.128304796882
0.112345028095
-0.0416571972365
-0.0804956019362
0.0531566857256
0.0357953659665
-0.0299117920271
0.0893022775036
-0.118185537512
0.63214093267
-0.0771808667187
-0.0910713636289
-0.0636521289005
-0.0912441241977
0.940847476785
0.993864182034
-0.210701485718
0.168069450323
0.126405149974
0.0692928613641
-0.215246872762
-0.0812901420784
-0.0560190447197
0.0141061554038
0.955655003252
0.098458438982
0.0666527563304
-0.167790894424
-0.140269181158
0.111828146596
0.121860813753
0.0748750826292
-0.00495148160786
0.113020011079
-0.0804536480885
-0.0444109217201
0.0393136025077
-0.216855021274
0.00988400347681
-0.0896229041164
-0.026156705679
0.072600783713
-0.217198805693
-0.16556513836
-0.0819861213135
-0.14501654073
0.128140039822
0.356981826989
0.0623393933736
-0.126459033194
-0.197585349134
-0.0193177067599
0.128369119953
-0.131060647769
0.970575872026
-0.0885099845367
0.168387025542
-0.062598950968
0.274742007583
0.0519475511026
-0.0813750720402
0.0788522346504
0.0215349500115
0.119413707455
0.0787188275658
0.0766911459948
0.0253445811339
-0.00293638478723
-0.0341128357194
-0.155921368931
0.612291733278
0.124009024711
-0.144133479298
0.45210239547
0.103877892112
-0.211697469375
-0.0489436920507
0.0647077950275
0.00343548232267
-0.0837467083061
0.427334185225
-0.139652378137
0.0814446712313
0.222035067479
0.128019264572
-0.0551950000712
0.0526020783979
-0.0115186971779
-0.148375626292
-0.157101991778
0.10207382255
0.0300768037813
0.825755007364
-0.217222245275
0.120945065805
-0.0808857306466
0.0204063855273
-0.0639502120189
0.00433847368609
0.564584680471
0.125230120934
-0.0621179524454
-0.197895230761
0.00276955636584
0.0566597339742
0.0484800625969
-0.205857202584
-0.0482061962967
-0.177900059152
-0.0895586519311
0.94011101406
-0.210098819434
0.555192976556
0.261144611294
0.109158412377
0.0474810797314
0.115597066446
-0.214432730921
-0.217138618286
-0.11857391445
0.0984162835955
-0.0847722937593
-0.0899346941195
-0.0893968034234
-0.214943893815
-0.00314468409937
0.046096770911
0.0241034161179
-0.208007352876
-0.0447133796882
-0.187644808078
0.119184921349
0.546397192773
0.0350698443044
-0.0839239366811
-0.202519351316
-0.154490542794
-0.0821051647223
0.817704129821
-0.122164362145
-0.0876868353987
0.872449209883
-0.0867725480646
-0.0310072059657
0.151057175731
-0.027982551131
-0.0752658660211
0.999997002713
-0.0896496632248
-0.195650221121
-0.211493401048
0.0944812284559
0.0286899894987
-0.101512096384
-0.0335555068103
0.0420873804939
-0.0877276996805
-0.171988280337
0.029893373496
-0.0863642621749
-0.0922695708763
-0.214597252483
-0.0472045290935
-0.0881314205282
0.128361990496
0.941245477188
0.817037887349
-0.0644040213845
0.0551651857288
-0.0120949408394
0.456841765894
0.340128045996
-0.0339097803487
0.410002581829
0.350063813965
-0.0792642841564
-0.0557637332991
-0.111381451258
0.613350536916
-0.217049955061
-0.00529293968891
-0.00787036964299
0.107298249647
0.0636434107101
0.442110679151
0.910816384532
0.918572640466
0.12750690214
-0.0207482149221
0.0283294058252
-0.00609318700155
-0.0801531080082
-0.0991382301615
-0.0444325290385
-0.0883864720685
-0.217232413892
-0.201873416436
-0.217001696214
-0.193502742659
0.0566838163785
0.112267854757
-0.207915599879
-0.0868785833518
-0.0376200516851
-0.000497342002485
-0.0723123582395
-0.135481355474
-0.011077232612
-0.0667448549481
-0.0881315595837
0.0477553984179
-0.0761621192517
0.776508913747
0.787111733487
0.00211290714387
-0.171806776025
0.0792909749284
0.870049940717
0.255598675046
-0.155068174449
0.152900843221
0.0451112986053
0.968427435075
0.0673475673552
0.861051889427
0.0299167973609
-0.208951569581
-0.215377641179
-0.20809295824
0.990633086598
-0.215127877667
0.0700285039644
-0.0364220905396
-0.00713352096595
-0.0777764583707
-0.0690336370169
-0.15479578946
0.126689902513
-0.0784215174587
-0.00529721716897
0.103793496317
0.0602751092156
0.618554983733
0.124606719507
0.0960081826025
-0.0275201322479
0.883434462508
-0.179731381091
0.0269803580469
0.122192625285
0.128335229227
-0.215742804001
0.933354893499
0.115050529633
0.112509994752
-0.133930764785
-0.0895013044858
-0.0515126360132
0.0244615450812
0.507572496306
-0.216862849248
-0.0150012699187
-0.105815660576
0.127362065314
0.996088799129
0.995832194216
0.958956299456
0.109605853116
0.112342142117
-0.109577011967
-0.0209398053614
-0.0010549187435
-0.139511152364
0.0692365454998
0.074707276803
-0.0605350516619
-0.0402097036853
0.0360839563368
-0.0898281395341
-0.217088062387
0.950219331141
0.127411955804
0.993544279265
-0.181541275369
0.0313399152435
0.0731257774974
0.0837540403605
0.794541311257
0.0841347841037
0.991419844022
-0.0599774852597
-0.154691981546
-0.0617936772878
0.013609398872
0.115293900068
0.999955353888
-0.21251976547
-0.160249227363
0.455665966316
0.0183166571588
0.901621027085
-0.197487885011
-0.08680762029
-0.115204072187
0.962887802807
0.740424838924
-0.104777885649
0.646792215633
-0.0898530442507
-0.0645691541458
-0.0557536427632
-0.086276945631
-0.0790934628972
-0.0892261946009
0.0468939532413
-0.0467739348445
-0.146157162536
0.988705359926
-0.207994186197
0.267501098255
0.00356636381248
0.029048330335
0.113210206198
0.921177792162
0.0933613176498
-0.214341786087
-0.160459489254
0.019063705581
0.0929676056985
0.0201177306367
-0.0912839548026
0.993500164604
-0.0149499760841
-0.0450288123089
0.0699035408146
0.0380992024263
0.828319396641
0.0827885254133
0.770785225726
-0.0859724015088
-0.0883969812978
0.262260434811
0.604203982899
0.039371951679
-0.0116537469726
0.117064770458
0.751141152868
-0.0524812764723
-0.080372516316
-0.0757170279102
0.737919835725
-0.208638251573
0.128272679977
-0.0365738901909
0.127658095785
0.0263330803534
0.849411402773
-0.00828606221857
0.457093237473
-0.00836191209865
-0.0812088945577
0.898631053906
0.167437540865
0.987247482469
0.116178913824
0.0949045522628
0.962796454793
-0.0874286261623
-0.0737556639575
0.41611333638
0.00798265605424
-0.0341449002015
0.00221314841386
0.716761332699
-0.0840810803839
0.0856860202456
0.127594789803
-0.0757987903387
-0.074688357731
0.0517027644307
0.0447344172661
-0.147333593098
0.00888382140325
0.608318183316
-0.0501555352135
0.00324247885007
0.114708341657
0.0167831217331
-0.178283189997
0.125937912076
0.74977020568
-0.052770989632
0.51662547987
0.069977150152
0.108317881611
-0.0895241184893
-0.0492271796236
0.0120623408344
-0.0812090759971
-0.0127305333482
-0.0799698673931
0.382390538112
0.450390786744
0.298595647905
-0.157672353873
-0.0898317078325
-0.00754201515053
-0.057565095612
-0.0602856506758
0.99622876934
0.999910683783
0.0852942254949
0.0820734435325
0.00100875939234
-0.18469964689
0.106238628718
0.988740551354
0.893905787203
0.847042496724
0.241016199187
-0.0877484907875
0.0530262079796
-0.0344210422863
-0.213563917323
-0.0318201042788
-0.17508595296
0.067682195211
0.974536346195
0.887028285164
-0.0901598559701
0.921822034796
-0.171177122062
0.110218163212
0.035415536581
-0.0864321064603
-0.0911936851229
0.0343237536575
-0.0382944953981
0.252771909118
0.0683082627877
-0.143648472776
-0.205373915452
-0.167576558424
-0.0697059643033
0.0184938313339
-0.0736876385474
0.961834804248
-0.140444385025
0.117617622958
-0.126800328348
0.010579587278
0.0451615181408
-0.00229167383232
0.124934744158
0.0067604584726
0.115812506651
-0.0590702181367
0.326608157115
-0.0521041381458
-0.117619859867
-0.213615046794
0.892122507967
-0.1934074028
0.670783636336
0.917057826828
0.126520216094
-0.04889662644
-0.203869391496
0.998517016379
-0.214499091849
-0.084844501484
0.887983048704
-0.0312424266429
-0.0411915571953
-0.13245807989
-0.212247460355
-0.0411172237028
-0.0196808231069
0.442508327009
0.0785699608755
0.119742293506
0.123796807533
0.244457062989
0.143852429612
0.999422938337
-0.0844918153603
0.90175534484
-0.0454260803237
-0.0908731543333
-0.083041906514
-0.196899894409
-0.0845385813949
-0.0670774602568
-0.01998195534
-0.134232889211
0.61682641793
0.935294667007
0.0786972742651
-0.0713338281076
0.823651999369
-0.0306899661431
0.119207386033
0.84381879841
0.225723243145
-0.0857058756689
-0.0880102400499
0.113170059821
0.864292606267
-0.080414267705
0.093899732637
-0.0847147767923
-0.0806127219023
-0.00120259833376
-0.0898472238513
-0.0734773740637
0.881843381229
-0.0913073294843
-0.0912832982331
-0.0880012498981
-0.141693940201
-0.0649907390982
0.647190472041
-0.210927258163
-0.167790725616
0.0581558313884
-0.0912943794295
0.125388865549
0.936869268709
0.608559868648
0.0662195748865
-0.0587929418699
-0.142091608404
-0.00983467309438
-0.0210655694476
0.558904175533
-0.179522616894
-0.0587525789209
-0.200730927496
0.119155144065
0.10469915175
-0.15213216786
-0.0785172807065
0.0826594980859
0.0279104917554
0.0953149619901
0.119805877225
0.0195805864022
0.105989515261
-0.0792547635566
0.11937351349
0.122168508966
-0.0841272031438
-0.0697351775821
0.122287722329
-0.207932090176
-0.145646476868
-0.0707433250211
0.0973380695884
-0.191772395255
-0.0857004773122
0.0667853118691
0.0980852153602
0.195544309556
-0.0455301172886
-0.0909552421748
0.679067338861
0.998894556031
0.109660940784
0.0761048840066
0.123113567221
-0.122823561789
-0.0848931136214
0.113015703157
0.0631482913574
-0.2157731532
-0.0672380368792
0.164556864524
-0.0699571598448
0.116752943717
0.0546328447273
0.12344947763
0.0907910551439
0.538890080418
0.42342054524
-0.0312689610067
-0.040995735151
0.759436472507
-0.0236874285306
0.0546610040077
-0.0629052206308
0.992373305972
-0.0548680150142
0.581147722492
0.0924794111307
-0.196683953185
0.0992407936152
-0.216854495297
0.665677608532
0.147469800216
0.0097357096451
-0.0826623505386
-0.154237992103
0.114019004032
-0.216876374974
-0.108163783181
-0.194081984136
0.0423283295685
0.13439479521
-0.0142112268498
0.0799439476494
-0.198677458066
0.801246489591
-0.0189035909391
-0.0185334122859
0.0139406558282
-0.0907209755751
-0.16327480572
-0.0245969489865
-0.210932887969
0.0853346459278
0.124039084337
0.0825722171462
-0.117386285823
-0.175342139129
-0.0138424601982
-0.0271601480944
-0.206170688117
0.0959838583491
0.157926313648
-0.0735577240532
-0.195636677888
-0.0399628107611
0.556591683874
0.0330629517213
0.305475071721
-0.0892724592818
-0.0262727468747
-0.0162082020084
-0.20845690112
-0.210996885628
-0.0747051173332
-0.0195972648311
-0.0910759105508
-0.0609088056857
0.928710957487
-0.173545341736
-0.0724832532072
0.109163807799
0.0626279863007
0.111544526722
0.128245992744
-0.0795878128101
-0.131209637383
0.132217431554
-0.0725813700133
0.161313500225
0.0702047476611
0.120170853061
0.655827616483
0.20023511582
0.119639655551
-0.00861360318196
0.244481984958
-0.0497164568574
0.118509926759
-0.0108800903845
0.0144829586746
-0.146872034751
0.733298371916
0.376712326916
-0.216830353342
0.91785709282
0.00635679448502
-0.168345613063
-0.216988174877
-0.0635530624757
-0.0727360451066
-0.115948626112
0.13368555273
0.99138003948
0.00595608786776
-0.203634724374
0.267531656542
-0.0477045742368
0.125316447083
0.982337816958
-0.1785132984
-0.0604922463867
-0.0302145811982
-0.0124934546882
-0.177480992768
-0.0752766945263
0.308762075312
0.128234997039
-0.0252820185853
-0.19815697113
-0.0788706434209
0.760472356932
0.2884529408
0.594684227133
0.0931883766765
0.999930608441
-0.0452604670455
-0.0382605848634
-0.0897939464186
0.210429902122
0.0319769670422
0.683799686617
0.0679229810026
-0.0380589023346
0.0288112821973
0.125316223347
-0.0191223543775
-0.214053991553
-0.0840662332751
-0.064196106143
0.0930216735484
0.514084420209
-0.0318485435855
0.94861368277
-0.085901001551
0.0261644591531
-0.208619763474
0.0816410650161
-0.201043833529
0.0303038730781
-0.0691764308172
0.965778637371
-0.0805164627778
0.504587583744
-0.203139095802
0.907271974647
0.0587463444058
0.347535049753
0.071906993626
-0.20637372881
0.125350841679
-0.0905966837342
-0.0840109487748
-0.0681849201856
-0.00570373291128
-0.216689160444
0.572235764767
0.556624279771
-0.0132475697264
-0.0870831285725
-0.196989343387
0.0947831254651
0.181373866126
0.992274695597
-0.070824971817
0.0573007800219
-0.215495994343
0.00894040072621
-0.0582206834865
-0.0697181017628
0.00993474136501
0.103797402148
0.121374112371
-0.081871095126
0.0357975348922
-0.0725875224858
0.422584915542
-0.17479256666
-0.217175604603
0.923020967648
-0.0894083500403
-0.0632262021309
0.576293284854
0.023223292585
-0.0238432228149
-0.0899082506522
0.984242337185
-0.0502341257921
0.00968667177026
0.272536509045
-0.0753044570579
0.54171714776
-0.0607761524117
0.116805485389
0.954952495195
0.181685356619
0.0340259102568
-0.119590860801
-0.0772248937882
-0.208691893775
-0.0469728719401
0.958093109731
0.111295511753
0.0816794945405
0.0788585723943
0.644913125248
0.703643795883
-0.172808989549
0.00855406381738
-0.212978160621
0.979789604396
0.12836763063
-0.205857812176
0.0617957635225
0.908808527079
-0.15629898751
0.125208434305
0.053762032059
0.79496489703
0.0736101073111
0.0043870007293
0.0810082779896
0.714868050686
0.0939897946647
-0.216916940651
0.878139923683
0.450372389204
0.1212062542
-0.00433758968455
-0.0913185243352
0.0942007205061
0.949892835567
-0.210562685244
0.0120714180744
0.869136137628
0.100870805993
-0.091003552969
0.0449824891856
0.108992396317
-0.181219407537
-0.0249193873139
-0.0293636645672
0.102240838912
-0.196934880502
-0.0291359966063
0.0484030342542
0.466845027422
0.525449189624
-0.080765960639
-0.0869978752886
0.161847688181
0.773652142374
0.514076945197
-0.15241621823
-0.11162771584
-0.087270588683
-0.215668579377
0.998376594379
0.36044790754
0.865854936068
0.0178493252991
0.128307821475
-0.0831790627715
0.0123711156945
0.12390866911
0.632648159339
-0.0913196772861
0.0484252156788
-0.139786469378
0.623081198522
-0.216375373972
0.27544202438
0.10289675838
0.0571016146353
0.90280325308
-0.215964661705
-0.0898238942346
0.025971421021
-0.0307935344818
0.00287429320267
0.0919988898484
0.113682408686
0.944459140019
0.0616335243077
-0.142754388155
-0.0687373366861
-0.19978848577
0.0207330578375
0.994487485381
0.91909904448
0.994837791251
-0.129549897499
-0.19563589258
0.750178244278
-0.0326781551315
0.0141329270875
0.105476552129
0.1257479814
0.157295933708
0.0119014312262
-0.146262679795
0.628934809217
-0.07068513607
-0.00820026045244
0.109447783108
-0.202706910971
0.98409939632
-0.084621858053
-0.161531910315
-0.0299201444524
-0.210871818027
-0.152524689639
0.0804245799889
0.329676607387
0.978809139918
-0.0867457707954
0.0919926084257
-0.157246700133
0.373638956289
0.127171243154
-0.108328362756
-0.0292681080646
-0.123941618167
0.0826438730038
0.9995873224
-0.02844232425
-0.0213008307986
-0.0568233162921
-0.0913069571576
0.735810475146
0.963659246273
0.0190277524623
0.132463748657
0.131707366897
0.0610006370602
0.984427958271
-0.0446854830358
0.992392850079
0.999910597253
-0.0739066518373
-0.188443785407
-0.0680810215508
-0.20839516913
-0.21597927657
0.123046613387
-0.0228646881406
-0.0779289373912
0.0969473330558
-0.0848479794349
0.595009903434
-0.0862796962192
0.0910891442255
-0.0685048462304
0.935833462312
-0.216456455819
-0.0121974701849
-0.0371464763601
-0.0900588611184
-0.215289687476
0.0179508301746
0.105412816514
0.944564403704
0.0732072795067
0.0093294282028
-0.0886197754506
0.00176566612188
-0.179985486045
-0.0856423300947
0.036174224101
0.0275107168458
-0.103643524438
-0.157600193695
0.124391153592
-0.177159515813
-0.0899642907135
-0.12839658319
0.123714805188
0.100122391326
0.00414544152939
0.0969781602989
-0.0315143691896
0.0473479399305
-0.0539051829277
0.0134192078093
0.113188048997
0.964842516139
0.119446564264
0.0433675019921
0.586658494652
-0.20780057958
-0.214787836357
0.0717907305725
-0.204592072625
-0.0799109501462
0.999993681346
0.378819362535
-0.169598146183
0.00161080985266
0.999081409548
-0.2101581084
0.369124116777
-0.0416090093976
-0.0431153062902
0.048005555016
-0.079636436261
-0.0223881405528
-0.0672993556121
-0.0458119692023
0.044906968416
0.081388418334
-0.0273703761069
0.11675921224
0.0770086090625
0.677735284558
0.154218268353
-0.120981686668
-0.137277782631
0.638810955082
0.069431792503
-0.0506876025646
0.00104709687498
0.774876577944
0.0288405068055
-0.0688861250666
0.124395474822
-0.0119323363457
-0.091324873297
0.255703590854
0.0468901556507
0.12407790476
-0.075669043391
0.0267090622342
0.987039247286
-0.152026804029
-0.133898511475
-0.195760481437
0.321358876181
0.0248922876314
-0.211923766311
-0.0551524634964
-0.0755180569783
0.115228471459
-0.091079463489
0.110707399649
0.205334977066
-0.1714042715
0.0743136297563
0.949563019595
-0.0741291640759
-0.168526709308
-0.0244219044319
-0.0887886982843
-0.146164359279
0.00164839733385
-0.156794980829
-0.00629174131142
-0.0877179691301
0.12818517145
0.0372418428449
0.0910869655273
0.0238050855528
-0.215624768193
0.0523816112473
-0.0421652273974
-0.0428898396022
0.0597478249711
0.977165686171
0.128066613017
-0.00548034955035
0.921491578252
0.32710381126
-0.0493691280426
-0.210618650213
0.0823917036416
-0.193644609921
-0.141260120153
0.999533565919
0.0613571548198
0.0939597181587
-0.0310601887691
-0.0519371518007
-0.077642098578
-0.085250838034
0.128167878414
0.801631438938
0.610959362726
-0.0833127278731
0.101491372417
0.123966800551
-0.0656689814563
-0.0886680177693
-0.126262703501
-0.0137875182494
-0.150554334506
-0.2141236393
0.469990231679
-0.211173328531
-0.0561614172859
-0.0764113325009
0.0439269416836
-0.141831673196
0.0848033132206
0.95170542677
0.253937578325
-0.0797836491448
-0.133137395899
0.0556815793461
-0.147890562728
0.110482139734
0.108054425567
-0.0545437244773
0.800674034392
0.0746833639913
0.114611607088
-0.0482348929172
0.0461382274186
0.999818986173
-0.014213754962
0.904408609322
-0.0965039117858
0.272092744992
0.00280701112825
0.11521179766
-0.213091729865
-0.086940221012
-0.180068067984
-0.0499515672861
-0.133542026463
-0.0547757336913
0.296216403784
-0.0326605127556
0.921567341996
0.535715150075
0.998587753631
-0.0777221925941
-0.122147235145
0.065760890651
0.943518407686
-0.0913231531732
-0.0840448094731
-0.150222451388
-0.0627934724994
0.828561124441
0.101474954985
0.0312205231429
-0.0621840812734
0.225502557168
0.773297571412
-0.138361070833
-0.109909179061
-0.0470919404551
-0.0154089537013
-0.167482803778
-0.0831277627394
0.863708629655
0.0530068333184
-0.06140520703
0.933724756247
-0.217155394423
0.812486357161
0.540095166897
0.127407815141
0.105419404391
0.128013054697
0.0058949848879
0.12799572748
0.36201778922
-0.0911300474462
0.0740259700639
0.0593462067816
0.31033353796
-0.0695412675717
0.357610631112
0.0685210078964
0.127829014047
-0.0865129329151
0.772793646266
-0.0246538128609
0.350067701337
0.113953398893
0.131530462435
-0.107325752337
0.0659960919034
0.0867281844112
-0.0277823037498
0.999873496528
0.108453900267
-0.0850519270117
0.127956807519
-0.0232876581816
0.128214451838
0.097461419613
0.314118189545
0.901059125351
-0.195848883424
0.961934844193
-0.00832451190213
-0.0676790402363
0.999986221495
0.0980646964087
-0.0143319069688
0.080456800408
-0.186579644225
0.0765000701698
0.0527292837017
0.00785687295192
-0.0738110185281
0.0891562467229
-0.208492764865
0.500035275752
0.382622378123
-0.216894752583
-0.0706339277454
0.090402922004
-0.0186864195565
-0.0352436763734
0.00882060406035
0.0441860184077
0.554761582259
0.105149827703
-0.210052513619
0.0641804264383
-0.0567346214379
-0.210692957361
0.116354961099
-0.070358400817
0.875937894868
-0.0894191278455
0.38182047439
0.022604222073
-0.154494792593
0.696893047595
0.994138473463
-0.0618781944029
-0.0784239145928
0.073096614842
-0.0328314180464
-0.180807061121
0.127947466636
0.0908372256985
0.125359375495
0.653653306718
-0.0828751833872
-0.189740048585
-0.0622213199229
0.0136459536312
0.980015741298
0.126760357131
0.0390345784041
0.125790581075
-0.0615618820577
-0.212577852934
-0.187903092294
-0.0900727572081
-0.134235291084
0.81102283826
0.99397126188
-0.207193562125
0.122221634918
0.119658607185
0.101357516742
-0.104710804841
-0.0909771975456
0.00996985965877
-0.117647161678
0.783541040118
0.0929443686365
0.246351374825
-0.0913240248951
-0.091288392898
-0.0553791245233
-0.211155160184
0.778189055702
0.108479464772
0.0722279038587
-0.0839620533379
0.0896418563043
0.0757715783248
0.966576728444
-0.0341249516769
-0.165120610216
-0.0299837624832
0.110551716827
0.0878709351471
-0.00725204661152
0.121487503527
0.0561741121658
0.0888001764846
-0.0333672900967
0.0868187016222
0.866654682203
0.0256279520784
0.128209185902
0.752503717746
-0.178297516649
-0.216945235181
0.0290715129953
0.464014908437
-0.199447246773
-0.0916020918229
2.93586816057e-05
-0.184309569973
-0.206873456552
0.106309098693
0.448882015572
0.0983575809764
0.134797463963
0.884279225852
-0.0859291017847
-0.0485085330709
0.0320039261557
0.0329301161531
-0.131744393411
-0.0911847150051
0.901595440889
0.909643162344
0.890441173387
-0.204603108859
0.112915537813
0.0130823753122
0.139298636006
-0.0248249552014
0.0597374849832
-0.0374477358659
0.97703387125
0.63086939821
-0.0379569217558
-0.0443174611777
-0.0878206568242
0.387050984369
0.0720580634163
-0.0595975565661
0.127669273737
-0.192194346833
0.659293061969
-0.059398610771
0.126784571322
-0.00384619534252
-0.0348059147738
0.0831611506432
-0.141679845545
0.0988382657638
0.748133728828
0.675213213655
0.984898899487
-0.135476942548
-0.216245259587
0.0137198993802
-0.217230616933
-0.0114676494592
-0.0432343044823
-0.0868101018276
0.127358179853
-0.182970360823
-0.0885288051313
0.524885163626
0.074874116413
-0.0778970817377
-0.0583858591483
-0.0460088454043
0.296952330934
0.0358659629293
-0.0364490602841
-0.0151366191369
0.201247172117
-0.0876171693476
0.0524912936087
0.911992957897
-0.045552713675
-0.217164213601
-0.0836593218865
0.000340754796962
-0.0136187889956
-0.0549819987179
-0.174711031888
0.090533803292
-0.0332374571073
0.0964494124652
-0.210088072116
-0.201284426762
0.114085385145
-0.07458360623
-0.090017655949
-0.217203792777
0.933542682792
0.923572722342
0.867856499948
-0.0900198508009
-0.0757669052399
0.10997631155
0.896488525023
0.0136517347856
-0.0339643368831
-0.0648502448403
-0.162882800585
-0.0291510254328
0.413968990905
0.756974603386
-0.111800155208
-0.206961807215
-0.0203937084017
-0.139109355342
0.672375869587
-0.20491944219
-0.0155597725496
-0.193655355898
-0.0648985291011
0.177078338175
-0.211964824805
0.0172377575987
0.0671017896241
0.120673743874
-0.0903835595445
0.0840760401806
0.0794350600888
0.145072157634
-0.0912620880458
-0.0731797925856
-0.0527743208632
0.624560330952
0.0732527991344
-0.0902215628889
-0.0671296291881
-0.129240215823
0.789866025222
-0.0892546329758
-0.0669300303571
0.364429535165
-0.0816375142872
-0.0352775397967
0.128204289993
-0.0897144469565
0.0611762403758
-0.0651332245437
-0.0873820344641
0.445924188479
0.0751545615113
-0.132059997728
-0.149367448033
-0.0886869259965
0.410006915918
0.1069437239
-0.0133790496327
-0.0641743869356
0.396228194401
0.058587107668
0.102493109886
0.53484478999
-0.215673929933
-0.0390650165618
-0.0426915750701
-0.139672769127
-0.21664709831
-0.217060632076
-0.112127197208
0.925272316828
0.98278598249
-0.149599028641
0.0259795706278
0.107222274028
0.179214012684
0.99972484179
0.124818921356
0.98331601605
0.746391816324
0.639439108776
0.0610489302537
0.0711920384489
-0.203712354131
0.450849156434
0.00115515521038
-0.0283536739269
0.178424775778
0.750088894854
-0.170092395098
0.30560175806
0.0579640835572
-0.0787973737637
-0.0303012390003
0.986363057349
0.964765511158
-0.217199759238
-0.216744260519
-0.217226779517
-0.0652589018869
-0.057373386451
0.103063252323
-0.117051059534
0.914029538361
-0.0197536762814
0.126792021822
0.12818943926
-0.217083212254
0.936072549677
0.0127411391514
-0.193322143846
-0.217233536893
-0.126185364846
0.937700470654
0.0819462772224
-0.0647664884106
0.110312587963
0.756918590764
0.102789757758
-0.010583663214
-0.16109456158
-0.0690991876389
-0.00197770622526
-0.00633933752306
0.168169992393
-0.0249920280227
0.0207373590368
0.0129780349223
-0.178092344812
-0.0698111063074
-0.210742030885
-0.0330446431903
-0.0907040198489
0.0424162277381
0.128155562959
-0.208139224395
0.0243143247385
0.695669367181
-0.174046346146
-0.0377459806216
0.128246064102
0.123130424541
-0.18954470912
0.874300086203
-0.16261107875
0.128120466726
-0.0598282037547
-0.0406602172918
0.577698736575
0.128144637581
0.045832267167
0.839474901706
-0.0913244517545
0.110655684567
-0.0878525600958
-0.141251101377
-0.0117127146349
-0.194016120063
0.717419399394
-0.0220574911902
-0.0385326244368
0.128256019658
-0.141254453255
0.170556358408
-0.161973810185
0.0429136602945
0.106714764656
-0.216943416599
-0.216605709717
-0.150449557089
-0.0895677395501
0.479472600804
-0.0601780645627
0.0195691564859
-0.050775883936
0.415238713656
0.128231496736
-0.198131794509
-0.0314953580771
-0.0459149503358
-0.0558590680365
-0.151200101623
0.942984299223
-0.0411174777153
0.0177750119782
-0.0381002049542
-0.0347564495328
-0.215973792321
0.0654901076056
0.118579601608
0.863220641848
-0.0808696417178
0.993246433323
-0.0732542730424
0.126695242738
0.107030752965
-0.210768834218
-0.118637542582
-0.104714780283
0.112646821175
-0.187672621176
-0.135720351754
-0.0991193454934
0.213193807732
0.171441547788
0.878610919387
0.774593078347
-0.0864078464317
0.0747242758158
-0.0352688844048
-0.0874599765366
-0.0639230786602
-0.082634003534
-0.0595410983713
-0.0513993512413
0.0866434595432
-0.0857119332849
0.117457697249
-0.0522916341187
-0.0428535300549
-0.0642319459851
-0.0727976700721
-0.0108724604199
0.493213030391
0.819512355408
0.037037575065
0.790646949195
-0.0230993046595
0.00911639751421
0.207879250963
0.127786204926
-0.0508406486637
-0.0490363665745
-0.0513054183235
-0.179755224335
-0.143203272848
-0.065759494209
0.0678856773847
-0.20259533089
0.10950220109
-0.0169827999372
0.0837041855752
0.0918630486806
-0.0509835852054
-0.217202180746
0.122440530526
0.997765983184
0.0936323489893
-0.0540791585442
0.681442856895
-0.105284211562
0.689594811803
0.0522064314218
0.0913577928144
-0.0912919644966
0.078641894735
-0.0875070807343
0.0515437372081
-0.192925907328
-0.160591919528
-0.00262309251258
-0.053053056665
0.635001895815
-0.116781063741
0.121692219073
0.252758752606
-0.153887337611
-0.0890442211253
-0.0848853519744
-0.0376727743537
0.0571753756581
0.114574397403
0.350064930415
0.990500806351
-0.0653113149489
-0.0891500220797
0.0502995716053
-0.0190965556422
0.99841872342
-0.103296047001
0.955219009987
-0.20423333721
0.967226070883
-0.0878982164034
-0.212073079104
-0.0203079887468
-0.0912773282606
-0.217152686597
-0.0686554582311
-0.0816867727922
-0.0185632882093
0.984810728496
-0.0893077405321
-0.089381098028
-0.135042258649
0.651503668654
0.792237696492
-0.0879189145886
0.124518361947
-0.107439301193
0.0941122491702
0.156431500207
0.00040279894997
-0.160030336202
0.114380862179
-0.204228357701
0.0101042818313
-0.00730734100366
0.727703063991
0.0903367382497
-0.0804283648939
-0.0193651334398
-0.0317928537549
-0.0311863226808
-0.207469033652
-0.0648138927606
0.88491046115
-0.0912895118287
0.0453783116669
0.996598519035
-0.192859577312
0.915141189157
-0.00493295341501
0.110017107117
-0.217232544102
0.0715126469068
0.643139710501
-0.140678652714
-0.00294339163096
-0.21723264249
0.342164010581
-0.209309887103
0.633353504827
0.104566915899
-0.0780129535048
0.640956746447
-0.111153208475
-0.216150329339
0.202090827543
-0.0259351607244
0.124111953924
-0.0857639233471
-0.185670833786
-0.0655819158466
-0.0800154286182
0.928421429693
0.888190975404
0.343458689328
-0.0768695623787
-0.214134792056
0.656375126028
0.882382813596
-0.159088382798
0.12822920272
0.127404691498
-0.0295807686468
-0.0234722720208
0.251820889209
-0.0770109442903
-0.0183096924465
-0.00539431883388
-0.0101606693077
-0.0374362476334
-0.047575631444
0.988841735275
-0.0715369814208
-0.0237129089586
0.658875434136
-0.0265298887456
-0.0183471855075
0.389691144891
0.12265056558
0.0846242727907
-0.194398725968
-0.00203150558599
-0.0679443451565
0.331532960555
0.0995382471907
-0.200715469385
-0.0660213666473
0.289046388393
-0.0675599737509
0.126871664914
-0.0589830075478
-0.0442831742211
-0.138510940681
0.12814149676
0.325347943663
-0.0606302017209
0.091509660537
0.0722259377598
0.0532295451417
-0.0881838310186
-0.118313839026
-0.0426007331901
-0.0665440482074
-0.0744431243188
-0.207028542422
-0.0053244326435
-0.161840622017
0.0184951348735
0.001732355988
-0.0129687382774
-0.0817955250242
0.135300164018
-0.216716541005
-0.181961185588
0.871465599646
-0.0542616286103
-0.143479657382
0.18771756187
-0.12477693376
0.99733117447
-0.209380696505
-0.203309881812
0.11449502277
-0.216951536801
-0.044139864856
-0.0817280942129
-0.0715789499647
-0.0724010112922
0.63487426209
-0.0263578895897
-0.183257202455
-0.215889847834
-0.0902181019731
0.999755961526
0.427731867683
-0.0689155621982
0.562478538562
0.0564574258605
0.0987495876398
0.732122757803
-0.0691490793216
-0.0839476921493
-0.0632892585079
0.053836427558
0.56661714921
0.668564595965
0.0654359470505
-0.0806122573915
-0.143971662694
-0.134584178941
-0.00207295503432
0.0476696279044
0.0890631305529
0.814637365284
0.940393473558
0.116918786258
0.0420192678334
0.758730349274
0.922002749259
0.780611083338
0.386145908082
0.123782372519
0.085431254064
-0.0194802957427
-0.0615223679274
-0.215873767617
-0.0584504728401
-0.207066466499
0.10768410545
-0.157729025953
-0.0913120559921
0.452128419193
0.122830676017
-0.216957612417
-0.140983697388
-0.0814042153848
0.0797799288939
-0.155669059338
-0.0852714551763
0.543799485115
0.114990426506
0.424648430335
-0.217058436082
0.0144404306872
-0.0635936893885
0.106434283313
0.408676218934
-0.0432335547272
0.320033889785
-0.0396696914093
0.00936479715008
-0.0875983132327
-0.0909287679684
-0.0226816200299
0.0759855936678
0.0967742546289
-0.0562893773535
-0.0280071643162
-0.0517306313952
0.978163593623
-0.0281785469641
-0.0910289326331
-0.21710089089
-0.0778484138497
-0.0783298780175
-0.17546176717
-0.146765876624
-0.0433238660967
-0.0784675970738
-0.022446063066
0.665002982079
0.334794594483
0.920829242859
-0.0443644541626
-0.096771015063
-0.189741449919
-0.0630664413141
-0.0886744549561
0.396906914717
-0.217228632205
-0.086537507867
-0.0530941837045
0.0317529784091
0.244432422079
-0.0650338554126
-0.217183579106
-0.0719668170355
-0.0237098587333
-0.0515603279138
-0.0343084005023
0.982716209894
-0.216869079874
-0.0808384585987
0.711310254122
0.126745581311
-0.069463883537
-0.217021310348
0.743631903241
0.0285931227623
-0.18555959446
0.252725318888
-0.1514041953
-0.171373294933
-0.0399070269243
-0.0269908165792
0.120016946913
-0.0451730194244
-0.217093681738
-0.0589934313649
-0.0520005924683
0.0876864106087
0.059407352362
-0.169252606412
0.121325870517
0.939134137666
0.11748831747
-0.0816155982571
-0.0888854500479
0.0399457865236
-0.0621196725976
-0.0966266873691
0.969529242182
-0.0646086422043
0.819181828078
0.0219258038856
0.262743747752
-0.0904096662631
0.194598675901
0.021724520049
0.0207325393751
-0.181637135363
0.179697182562
0.411717642103
-0.187305174723
-0.182290193319
0.114617126473
-0.213023819926
0.360242501502
-0.0884658171059
0.122711040204
0.0655033776344
-0.0877871619029
0.948431394097
0.65815689403
0.123099616108
-0.0146457023403
0.357371353385
0.99970307837
-0.0622557120736
-0.0666152462679
-0.00785771537853
-0.0844982179335
-0.155476970952
0.116912312132
-0.0911281265544
0.62923173673
-0.0419084911962
0.826375334083
-0.0136780121994
0.100813061733
-0.0838589653498
-0.0877388774729
0.127976041969
-0.00106239563155
0.127135757838
-0.0830827530292
-0.0979176572686
0.11187272485
0.974680544753
0.112762739992
-0.174573909565
0.812588636828
0.0484119580374
0.12280172461
-0.102073591459
0.117918287414
-0.158657575069
0.896400306024
0.0928675546132
-0.108576745536
0.347486919837
-0.0170904922827
0.111661829501
0.989069574135
-0.0913244220735
-0.106253195047
0.664168386488
-0.206733462511
0.11341941431
0.393058304843
0.356135102792
-0.000665617469341
0.0991145882831
-0.123019272715
-0.0770464038073
0.610755302582
0.110655951859
-0.160898914865
-0.123708677901
-0.185563098889
0.0889536642486
-0.0350237462178
-0.216492323018
-0.076467266831
-0.155191602255
0.411141047267
0.123372964014
0.617074956245
-0.121173003021
-0.181972972257
-0.0912281397925
-0.11888418323
0.0884634437435
0.0908020664282
0.0728671219988
-0.210475629711
0.593544187474
-0.21577524943
0.144810944594
0.587276962419
0.127950304052
-0.211905409235
0.0890854864232
0.0415360527229
-0.034680435507
0.173301819307
0.116447972016
-0.0319369428052
-0.213103096398
-0.148449103829
-0.212782929066
0.619336131413
-0.0388819842364
0.00900607122273
-0.0384279524901
-0.0911221747
-0.090425024859
-0.0554242148171
0.44235148155
-0.0885438103875
0.117202680724
-0.085606245129
-0.217205856716
0.750596896538
-0.0862344521887
-0.0766604508921
0.930348803229
-0.0868656647314
-0.0423481218167
0.703467857285
-0.0193363502296
-0.0695972784411
0.0751228967974
0.61135099993
-0.216920593775
0.989149020664
0.27071587652
0.10174811658
0.0287209742788
-0.0572482893921
0.922690728191
0.857511774384
-0.0103750023701
-0.21646058482
-0.0408505049992
0.11774000182
0.429325782267
0.918610738634
0.106014385338
-0.0997271306157
0.023836523779
0.101108382722
-0.0699132738559
0.394664739622
0.0807237016581
0.80132433477
0.876686284448
0.0808065915067
-0.0832432196188
0.506127177876
-0.18538977562
0.115266107853
0.739075849383
-0.124713785582
0.182131113774
0.111649955147
0.326566518594
-0.0456669030554
-0.0687233578133
0.124808415378
0.107366396114
0.127847053963
-0.181351356212
-0.113206430812
0.117405463173
0.0394812921591
0.12790215236
0.209774239151
-0.0866703988611
0.122084084492
-0.0785737202768
0.275572481934
0.0959202376478
-0.0544982842087
0.126376394998
-0.0701995620899
0.113462103288
-0.00289854268624
0.0524617033388
-0.0670388527623
0.928272191451
0.123008280791
0.250141079989
0.174543243188
0.986389399406
0.876566006046
-0.20396721785
0.846923216567
0.776891003906
0.194488788322
0.788934059739
-0.0649263221633
0.114751389267
-0.0624066760141
0.0781279679631
-0.0493040229474
-0.138003146688
0.997720190702
-0.0563358911393
-0.0874084487548
-0.0666498957908
-0.0024538341598
0.879634048752
0.596987046872
-0.0420648615682
-0.217081198159
-0.10908979195
-0.0831767764703
0.969820128765
0.126032007172
-0.0529663263384
-0.0902987359427
0.0687962146665
-0.189073814593
0.211845873815
-0.213489553008
-0.0481388746358
0.67155263582
0.213599547044
-0.0516648235916
-0.0856122093528
-0.178712123892
-0.0388919655014
0.080598832071
-0.0998743378957
-0.16941076068
0.0781598926885
0.999913465962
0.0587198180969
-0.0164015625586
0.126709039804
-0.0175653265181
-0.103389409672
0.110437679254
0.514295409667
0.022225047504
-0.0521750778323
-0.142202272917
-0.0909545863953
-0.0954565487945
-0.0376542030925
-0.0510989878953
0.0691404142134
0.123851709028
-0.169330049356
0.907373523196
-0.0380254333599
-0.089770161867
0.119385742416
-0.0235002419845
-0.106387941504
-0.0708833027597
-0.0485926991337
-0.0604992964339
-0.202676931157
0.0973668764339
0.0478751915372
0.0674159191834
0.0631306458274
-0.144245694378
0.690273844631
0.849855074677
-0.0721240514092
-0.179577452794
0.228433965767
0.0675496874057
-0.0896012478291
-0.0727743785023
0.259220734741
0.402476077145
-0.0868315209693
0.794732406676
-0.208882201097
0.127522161153
0.0804575798369
-0.0385088863138
0.121494784454
-0.213587028942
-0.0685911837807
0.105350660176
-0.000282681868117
-0.0777209884714
0.0682124503529
-0.128691803841
0.064150020991
0.111001584885
0.123685616006
-0.170507458368
-0.020325803107
0.9885996968
0.51527848741
-0.0100269217062
-0.140604922531
-0.168821005002
0.306724439938
0.00406303504363
0.127298549566
-0.0903092736026
-0.145190605926
-0.133510974962
-0.000158447176928
-0.059219797191
-0.00606960770798
-0.0668739706449
-0.0819549306914
-0.172790353068
-0.0142770245075
0.875768005651
0.36563031608
0.66902091694
0.101829119017
-0.195060896079
-0.207758477631
0.126332497617
-0.0479768122504
0.394861534949
0.0506652287803
-0.19652454276
0.375425099451
0.0609824006908
-0.0268557770129
0.14054418955
-0.193111412912
-0.0625918428841
0.128330116831
0.044086920359
-0.00543999206392
-0.0862440146801
0.952074075139
-0.138418608789
0.681534889109
-0.0737238695862
0.0212793528786
0.0358910685676
0.272061437936
0.126207421847
0.114833412194
-0.0761526952996
0.126761138632
-0.0359356532728
0.970787212449
0.0889720579155
0.141021176596
0.0847587742424
0.121287743435
0.127999314613
-0.0828010870559
0.127607944066
-0.033310290333
0.000284529780844
-0.0230944918046
-0.0235963887594
-0.217125898464
-0.132283409104
-0.0721109268053
-0.186479446209
0.0974900964388
-0.168156395268
0.793220453529
0.772943897726
-0.170170931128
-0.124738327332
0.776859958076
-0.00191289407177
0.041834953976
-0.0913139666814
0.592008759511
0.0361238993323
-0.0732955373034
-0.000394454364218
0.111084184491
0.867454706767
0.109955126941
0.167988148803
-0.198589500483
-0.194293894378
-0.0860156875345
-0.181706900395
0.00107860916161
0.103765121647
0.068253016175
-0.0197038638977
-0.0190867605287
0.534634453517
-0.0390682356444
-0.200469008729
0.126205588557
0.185213093278
0.0861583955024
-0.069392327497
-0.089482887607
0.122626890906
0.08402234032
-0.140111268284
-0.0120132751662
0.783138012143
-0.0660091474778
-0.0579867017531
-0.113665646705
0.100528048746
0.150780804432
-0.105082097723
0.797618296531
-0.051507068639
0.0217830004364
-0.0135964802864
0.112718073852
0.00651540668191
0.511041797303
-0.0733971466269
0.1122220799
-0.152688361332
0.114540212465
-0.0109871078962
0.118879822849
-0.132923220489
0.97988702328
0.944976960257
-0.0644812119501
0.0400071228745
0.0203038297635
-0.0849521634554
-0.0770451709902
0.984517246409
0.048952459975
0.093356711092
0.0430708127894
0.0708321173704
-0.209928069955
0.120016278561
0.0215099589247
-0.0300532552538
-0.0907658637684
0.0289945273315
-0.0924116040335
-0.016782834262
0.917411341233
-0.0854545682652
0.0572830870066
-0.214194408926
0.12822008194
-0.0317073742732
-0.0494326852827
0.126502728025
0.245374773052
0.918146597688
0.848963579867
0.979687297821
-0.061292620357
-0.0198944372269
0.127607231296
0.965232250829
-0.160214846446
0.820347155391
-0.0297299838479
0.513030215121
-0.036270741749
0.116395670327
0.0748005854662
0.128000123482
0.123113665169
-0.0670454129466
0.0831581650319
0.925412809873
-0.200127336414
0.998971229848
0.0575638759414
0.82932296548
0.583355514675
-0.194070213876
-0.0913229636126
-0.151851120444
0.978245593482
0.083794882201
-0.0739250934748
-0.145644485586
-0.208148559156
0.86069004616
0.93676124309
0.0310527030899
-0.183486688711
0.0857262392738
-0.0261855973054
0.209824100156
-0.19199652874
-0.142143533018
-0.035200887123
0.415398473856
-0.212773471844
-0.00123129529841
0.224705362691
-0.0801137846371
0.0574773287112
0.756205869275
-0.0637465866232
-0.119154365671
-0.071800400503
-0.0589472008232
0.624547278206
-0.0560537204497
-0.0712013893297
0.00236970991285
0.956230055777
0.0954354744912
-0.0351047970447
0.475005437698
-0.213824755383
0.0738834088351
-0.0486765732693
0.774823657123
0.10932100175
0.842380259789
0.568035370582
0.115003035234
-0.214875922276
0.0599350606406
0.994000971199
-0.107786868735
-0.0303183355979
0.0228049769805
-0.0692902552948
-0.00971846592645
-0.0700724028674
-0.216553953383
-0.0884034455399
-0.0410613535709
-0.212763362557
-0.0429298568989
0.979107158033
0.0972711865658
-0.139321411121
0.0432282732029
-0.0851535356515
-0.0665299205308
0.125169814548
-0.0254981432163
0.362046840363
0.0362861071035
0.0185565527433
0.117670290408
-0.099011607263
-0.086584503115
0.123151217884
-0.159249109182
0.542927602761
0.164555578632
-0.0223208392198
-0.00857163788677
0.987118798974
-0.0205461083416
0.126454067788
0.549320227486
-0.217103252987
-0.0801933531316
-0.201613859363
-0.0413644922633
0.339164517152
0.024565797937
-0.16798997081
-0.178538540654
-0.0548881382962
-0.0224122899111
-0.216911297266
-0.00144055944097
-0.0402651001438
-0.0548407260594
0.127392723389
-0.0197629181945
-0.0712620693185
-0.00477810069406
0.106655106624
0.120331312177
-0.0164738996891
0.128304252663
0.0170386051476
-0.192925068133
-0.0573587655538
0.298108061016
-0.21187606922
-0.0508114818506
-0.193343231354
-0.0865395435315
0.984470842527
0.938486491618
-0.106042168262
0.269611569807
-0.00377444790578
0.984772513188
-0.0449744158904
-0.0888150310163
-0.0865046954876
0.952188374527
-0.124930393602
0.0683590811866
-0.090612834438
-0.170787183975
-0.0592771482641
0.12495203333
0.125964667787
-0.0125944348948
0.0530848869531
0.114593288255
0.344665125882
0.96169107195
0.0316540138951
0.97580510836
0.0956709082422
0.907849746124
-0.0905941704075
0.127461729892
0.0989215960123
-0.0910841244223
0.999023388162
-0.0236083381181
-0.0711922569072
-0.0640730639574
0.117515742713
0.123653693825
0.930371995003
0.043813467554
-0.112224873916
-0.0893280351847
0.107018975812
0.0432783315644
-0.217176758083
0.0862020589007
0.560739975855
-0.0621178620708
0.0346125815468
-0.00847568884133
-0.0357157897401
0.00497501425992
-0.136439598123
-0.0586697877789
0.0609806097611
0.252214187742
0.925678359453
-0.0997746241798
-0.0894987517821
0.0540209553913
0.0945644630597
-0.0468798277873
-0.0923571152314
0.0495313335635
-0.051111605894
0.127715560449
0.982136045549
0.996366034063
0.0871020585012
0.115560021393
-0.00645201752131
0.863660178073
-0.00876953230173
0.916767109766
-0.028461103418
0.679496440304
-0.0723946288021
-0.214828976402
0.569639296909
-0.0153647487796
0.76391429743
0.862344504759
-0.214087117704
0.67211883753
-0.0422267988121
0.0200410083682
-0.217147349822
-0.0030947814284
-0.0544384334536
0.0980778426787
-0.0374836015147
0.00539868948454
-0.189882361337
-0.187534682966
-0.0715006195654
-0.044893920184
0.622642360601
-0.030583745318
-0.0387781177123
0.604048426183
-0.145146224749
0.99082663018
0.978681535969
0.0214425418691
0.0788684050859
-0.0810495546712
-0.216069368235
-0.177690616843
-0.165673339742
-0.15985333868
0.983534582593
-0.019570233849
-0.0508894321435
0.0776872318603
-0.183104566251
0.10599633114
-0.116517421786
-0.0839532639709
-0.0842873235672
0.210976332491
-0.0659202429681
0.117636325013
0.558731095149
-0.0828389829083
-0.0808178756602
-0.091114498299
0.958231700063
0.0850105668763
0.0495826374861
0.999564754633
-0.216958913972
-0.173644077333
-0.201639028761
0.192145484089
-0.149320143203
0.0731458273179
-0.215138062855
-0.133150397101
-0.0777144020999
0.0753437421115
0.457601761816
0.114041784688
0.128368232346
-0.0746406357564
0.594680275519
0.127640784942
-0.0336858106236
-0.0521131364358
-0.112483109462
0.159414148493
-0.0705808980104
-0.177516167756
0.0525448312902
-0.0753445324932
0.11328391374
-0.0569252851563
0.157692056168
-0.0912215640269
-0.0141256455987
0.0980093984058
0.0018069985372
0.11046696812
0.0497685655272
0.127316981649
-0.0280555680137
-0.168308361685
0.991632395439
-0.0324766665874
-0.0586694995768
0.209759838153
-0.0440775565108
-0.0537823241231
-0.0431271690456
0.0320013256583
0.127605569583
-0.0913199020173
-0.167183724689
-0.0586496336343
0.126705321085
-0.159158941704
0.128257378543
0.0974336347768
-0.150821783794
0.0902101629275
-0.18416167796
-0.00954358690326
-0.0998575876789
-0.0308891933542
-0.0846243641874
-0.18447647698
0.0523113777486
-0.0310130488833
0.919073749218
0.0692724407171
0.0319802336356
0.0701275118243
0.0498899769462
0.94968048896
-0.0187278686002
-0.0800355698293
-0.204141655694
-0.129317882957
0.0933421203377
0.0803884096769
-0.217233597546
-0.128004474623
-0.196647432392
-0.0340599674012
-0.090821267981
-0.0127541375345
-0.082714671565
0.00785342093192
0.127933815427
0.909022175044
-0.0611925277826
-0.211870031107
-0.0385499340613
0.104571856895
0.0136399168728
-0.0633287167567
-0.0858201766118
0.103049217613
-0.0887988848939
-0.194764902561
-0.0730777617994
-0.149629641918
-0.089834599629
-0.193674114262
-0.0667250336448
-0.0502645152943
-0.19894386109
-0.0739004670738
-0.0347156129625
-0.0464491309035
0.0776349121207
-0.000308237139678
0.657074367084
-0.170288988196
0.103643725916
-0.0994568520225
0.00809830677139
0.905602568074
0.0999631988464
-0.214603236816
-0.0705426532763
0.0802098145254
-0.0314616030191
0.110478035826
-0.0672732903785
0.00298121518609
-0.0981999209647
0.117444705875
0.0423021271182
-0.0153357926073
0.0461528257546
-0.0389669110689
-0.0195130514075
-0.00294422142909
-0.200040324051
-0.091317577793
0.0581173654852
0.0451144217742
-0.203611010309
-0.183503314059
0.418576962773
-0.106366129995
0.977949456731
-0.0704149250633
-0.190049219936
0.668685845103
-0.0896908696701
-0.0701024085323
-0.0827765778752
-0.0544541155808
-0.0305851708422
0.949515205241
-0.0582587249983
-0.0935395952636
-0.052291747303
-0.191881356869
0.119871402411
-0.0881839556258
0.551967277579
0.333605235995
-0.203725734446
0.779138661021
-0.00694909580869
-0.0266808764621
0.106751805828
0.0356608517786
-0.0626132451126
0.126262896504
0.0632863301423
-0.0308009615002
-0.0130469271962
-0.141975343197
0.0968004008157
-0.0447282188262
0.120849272262
0.0701812494092
-0.0496717000594
-0.214710832828
-0.00206205799245
0.944684737367
0.0354758053846
0.0654397393201
-0.120548523139
0.0398976290401
-0.0546375518342
-0.189178402602
0.994737252174
-0.0301407729809
-0.0903902655723
0.0489315645881
-0.0858023998011
-0.0813239291284
0.026346146484
-0.19630413287
0.4255685957
-0.168266001145
-0.155925942312
0.69853527358
-0.0422445327393
0.0148877175209
0.676517778278
0.123177869331
-0.213979352264
0.00786907052186
-0.0801618369318
0.0392729591115
0.977256513118
0.023255692599
-0.0189764214022
-0.164761915455
0.669857356164
0.127993726369
-0.114798929094
-0.0566079473644
-0.212271908308
-0.0443064794338
-0.0866476108808
0.996027796863
-0.125855666759
-0.0911469347511
-0.0830476289024
0.819806574412
-0.012110518052
-0.196137061621
0.116349817002
0.452490341633
-0.0518755871416
-0.0908995676182
-0.175711213556
0.747402715378
-0.0645880309691
-0.0374711591569
-0.00182650581254
0.125642057038
0.0686996332296
0.999922737988
0.0666766028911
0.0885795757272
-0.198751757369
0.999523128641
0.951391309035
0.0230180861853
-0.0828297809681
-0.169798184977
-0.207492770948
0.483356616077
0.878400540778
-0.0880168556853
-0.0546609273991
0.94389292085
-0.217233213913
0.128202232483
-0.0113487676335
-0.188595988531
0.922922126223
-0.112839129163
0.559009752809
0.218192478642
-0.0912440646889
0.0491511289798
0.526976448479
0.335330553458
-0.0884159337616
0.833253933049
-0.0882205665608
-0.00263875460024
0.0766506134274
-0.21688577103
0.0160425201926
-0.068110808371
0.117051245315
-0.0756518831722
0.996613353767
0.896354624518
0.108640570112
0.104137929453
-0.0256102055017
0.0369572305028
0.0929957272088
0.818765697735
0.124188708471
-0.0346893982367
0.00804549408113
-0.10508238723
-0.00554475225321
0.0401020473139
-0.0781739820581
-0.111299972083
-0.0793506779313
0.122086945513
-0.0319910297899
0.653453225262
0.644590253203
-0.185094816677
-0.0248439059748
-0.121806543785
0.998585190057
0.0351876411213
0.340978298324
0.0619001187271
-0.0306887816748
0.322429747849
0.827847933804
0.451336793821
-0.0906176293851
0.463061101499
0.989649644716
-0.037604440066
-0.211452095151
-0.217068325407
0.119755391063
-0.070004537666
-0.188405045904
-0.0376719224484
-0.0755553302571
-0.211532400703
-0.163614711752
0.120578291602
0.122015052178
-0.078913592175
-0.193260069199
-0.208374192061
-0.0760021534345
0.068254250495
0.682979814755
0.655377134206
0.835981456019
-0.0847981433457
-0.216071860749
-0.0912824570929
-0.0655986088822
-0.00437252473481
-0.0417550102095
0.0627543017
-0.0290801344782
0.106387379697
0.0849539382318
0.128367072847
-0.0148790389491
0.0582008918114
0.0828656614948
0.0171484342019
-0.0611790527513
-0.0502308479123
-0.177132915629
0.119612630877
0.0533559744695
0.723048889577
0.121537074028
-0.215742498332
-0.060571670032
-0.204002745157
-0.205271432626
0.931152660035
0.126386500739
0.0597830553098
0.726363420321
-0.0255827245162
0.128362102387
-0.116037585835
0.0948400385661
0.1156830912
-0.188688564726
0.0760907669857
-0.159358250624
-0.030544806727
-0.214821123146
0.127143792765
0.124212591143
0.00273317487211
-0.0131347739246
-0.0341628657842
-0.0414269963676
0.00286734933833
0.0506493048575
0.0823764098573
-0.0164756121417
0.0822642323864
-0.0507172334652
-0.0597407058891
0.0429574692489
0.753826334191
0.0219401509978
0.0427560975957
0.785206775309
0.488426874111
-0.17428035508
0.934359792142
-0.0580355335525
0.738336427792
0.981553540123
0.104472340203
-0.210017800533
0.128200140032
0.019077944877
0.102329858547
0.840044201733
0.737956746322
0.827225075249
0.471504687523
0.0656383522086
0.969985308508
0.124819222184
0.126842718618
-0.215571495129
0.386816966688
-0.151247755256
-0.216969854762
-0.00995527679316
-0.0519783530666
0.907846013572
-0.0757865150249
-0.0912523322013
0.624929827678
0.649074562153
0.115784866006
-0.0787534296668
0.757225952278
-0.166176268599
0.0201475150168
0.0725117099156
0.0394294102613
0.943380448455
-0.077046567734
0.125673478028
-0.0818570193506
0.0500780882759
0.0968264284711
0.939691586221
-0.128723111761
-0.053266565279
-0.214973025757
0.00514645664601
-0.0414300937694
-0.0905721074504
-0.180062418787
0.810128879358
-0.0448310898297
-0.190099683726
-0.0908003494052
-0.0434852795417
-0.144269706423
0.120087011431
-0.0786010225272
0.0322148085862
-0.0907591704794
0.110667687258
0.0608544807018
0.11283663532
-0.159616483907
-0.216438078973
-0.20037958265
0.517418330036
-0.0777331141523
-0.0747762555724
0.797620663161
-0.202612120616
0.837795070157
-0.0847332054854
-0.0891512000992
-0.0270974842484
0.969149996129
-0.00600093963378
-0.195771053248
0.0767343474583
-0.0890643880741
-0.0639203615815
-0.0817340398981
0.726596563641
0.553998096342
-0.0265871379811
0.0900812294252
0.134098301279
0.00450049462458
-0.0821793441556
-0.123406873314
0.237328349224
0.852801201606
0.977111186594
0.107112696469
-0.0652736758038
-0.109262350579
-0.195093526072
0.107359624404
0.0400815602771
0.0906322749736
0.114090745304
-0.0309199501456
-0.0181236986921
0.907711759084
0.758392612201
-0.0647145993395
0.0179752352634
0.0734965797768
-0.0756194816966
0.668716019683
0.101432082932
-0.0609110072974
-0.00434617750083
-0.0887546242009
0.10929654832
0.79464140089
-0.0118475185743
0.713913960878
-0.0469922714786
-0.0112537692884
-0.183290933517
-0.166537531306
0.034719286547
0.0145068503946
-0.173205103799
0.0899025910935
0.958343431493
0.983932185195
0.861375202421
-0.192075499413
0.126548655654
-0.214609361675
-0.0333973501078
0.0351205280972
-0.076934547334
0.0208210025602
0.0585269936122
-0.187359135656
-0.0700575778726
0.128035786459
-0.0732093646565
-0.0473396369331
0.997386607315
-0.0379726753927
0.119507489869
0.0902515038947
-0.216945178766
0.060020179651
0.488511629929
0.0985196556843
0.123453338792
0.967995700677
0.044133576181
-0.078346085821
0.090034207364
0.261792441487
0.827486235186
0.0264949250786
-0.199653781825
0.115645370158
0.722639218402
0.779206856552
-0.00215481355192
0.0435659374081
-0.082740128904
-0.0669994702021
-0.209482234218
0.280828012621
-0.0345533431184
0.127704304384
-0.000572683461861
-0.0652910804891
0.12544833324
-0.0605008085879
-0.153607638099
-0.0809021314456
0.93327037983
0.903580883335
0.0225984461529
-0.0740512057191
-0.0693880495334
-0.0506289064465
-0.215100461793
-0.103709825355
-0.117936267411
0.728740711586
-0.173824208006
-0.050327762193
-0.0825245963296
-0.00237121429698
0.0127277662058
-0.0106022474796
-0.0900372697195
0.101341531803
0.837706704501
0.0514191758169
0.11363757853
-0.0486544169851
0.340904789242
-0.123148388564
-0.0776286410936
-0.042585542108
0.846316089648
-0.209070030085
-0.0903814009106
-0.00105388273704
-0.0737569833154
-0.000190702744908
-0.0518141499708
0.0642609500251
-0.1624078253
0.0408662789577
-0.00647840606458
-0.00386463655806
0.644820755791
0.437383076229
0.116215894457
-0.0406001963975
0.22007974367
-0.0828822956084
-0.0261174105923
0.128012755571
-0.0623821008964
-0.205255925995
0.111419066624
-0.0789629851118
0.124156407683
-0.0651716286877
0.00538660799608
0.272590144273
-0.17435360013
2.20808100415e-05
-0.0241190835673
-0.159191397369
-0.0829936611703
0.113330109738
-0.110902311225
0.103855934187
0.0247552493529
-0.211766631517
-0.0729312920586
0.921087264256
-0.0694471532717
0.547874634138
0.516219500882
-0.180552548939
-0.0334222098397
-0.0910148618344
0.627575833845
-0.0696324320234
-0.153524526356
-0.154584755144
-0.0813873017768
0.60359948705
-0.0961996215132
0.0974676902133
0.736328182109
0.0614690791945
0.271211248635
0.941417421467
0.126416749671
-0.138503317105
0.00449168225169
-0.155098476375
-0.0808795280314
0.427240110636
0.220157032405
0.126397604091
0.125069848301
-0.216400224089
0.0214143485477
0.359901670137
-0.108229021676
-0.0425896474342
0.12679246797
0.128253628089
-0.00393320096621
-0.0294335638693
-0.0530267095295
-0.11632874582
-0.0378116241719
-0.0627017326783
0.119052959875
0.0231295057785
0.727924423999
-0.0712675964277
0.244131916139
-0.0697984697327
0.646892009511
-0.0823109434162
-0.0868350592084
-0.0254108563274
-0.213276347731
-0.00540159142993
-0.212092361807
-0.0713417871555
-0.0635382389002
-0.00676093431042
-0.00155809378536
-0.00373259248703
-0.179727495498
0.128315786639
0.76915788063
0.106868362063
-0.06872803588
-0.179604156028
0.955193355774
0.603832470262
-0.0112521089281
0.123849312513
0.0115309217903
0.720791984181
-0.0593765880692
0.127260936782
0.968277292382
-0.0577713557484
-0.0832723419466
-0.0759546230903
-0.0241052628265
-0.0327436604442
-0.0865873759175
-0.0912380591107
-0.211878479626
-0.035043533661
-0.0653355073139
-0.0712113218541
0.0270830072401
-0.210099016354
0.995520828872
-0.0910316162667
-0.200043549054
0.116767512888
0.0362546583236
-0.206697492798
0.0864738211545
-0.178458125541
0.0228739439431
-0.0857899990162
0.0595014762896
0.678422799342
0.0632507921013
-0.21287391656
-0.214502678682
0.0660180848182
-0.211859221367
-0.1929463226
-0.0887319080298
0.066692154626
-0.0699241499554
-0.0559842169673
0.0608218074206
-0.0804590157069
-0.0515949523326
-0.0909728500948
0.123000313826
0.874651743395
-0.0112185208744
-0.190780435908
-0.216330436165
-0.211000395524
-0.0424043337388
0.119643670879
-0.0101015786246
0.0387022957541
0.0762029140102
-0.165979301342
-0.079947066886
0.0699466897823
0.899897709919
-0.0873054524242
-0.187970269945
-0.0507426125742
-0.0825519896765
-0.189706818768
-0.056594932307
-0.0785243344446
-0.0734482174844
-0.0846226581417
0.128166682455
-0.0819206810269
-0.176760110787
0.0735385768075
-0.00993244930265
-0.081182624151
0.765723377655
-0.200688840275
-0.0779373658063
0.00963989509465
-0.069353864301
-0.0688092530505
-0.21450673143
-0.198280468808
-0.016384216591
-0.142673089471
-0.0799294388363
0.0533265880955
-0.0690846847432
0.916962768513
0.0218374416917
-0.112891147111
0.257096575382
0.287630033017
0.206098582587
0.612613216324
-0.0761108314993
0.965320240236
-0.0604325628098
0.999500128626
-0.00526756433481
-0.0189226300619
0.841193399764
0.916236566252
-0.207416926786
-0.0757889375932
0.0804341873834
0.895044659659
-0.0672842979497
0.0672999575933
0.0527467773015
-0.195801927454
0.734677997853
0.0502215263942
0.217897359756
0.632971960518
-0.0887666458371
0.0460338640622
-0.204476711267
0.0129040981576
-0.0867486854696
-0.0636305134198
-0.156126774353
-0.00493555403692
0.107595360421
-0.0142064702212
0.944592581323
-0.0908873283188
0.999999989463
0.0194721185996
-0.207505420274
-0.21683833143
0.448842891292
-0.173466053696
0.0942769007053
0.863570836123
-0.216764781358
0.699852200542
-0.0634994984169
-0.136188323824
0.0595678248956
0.83029549606
-0.0913179345729
0.728368426797
0.0525424608478
-0.000987124094341
-0.0243542348675
0.923321367089
0.973530644312
-0.0908397426839
-0.2171424625
0.095635612939
-0.090735523981
-0.200512204794
0.552428327469
0.953396263189
-0.0614535981916
0.052616907426
-0.0370843131491
0.852674304089
0.833434994226
-0.0656513350887
0.382835975715
-0.203233657296
0.315377470059
-0.202467605625
0.0178417149795
-0.00254384144187
0.895214450994
-0.0781084988268
-0.0946443149543
0.749163894745
-0.0761648861865
-0.217233350348
-0.194381078293
-0.189437989036
0.163763185871
-0.128979043445
-0.0610807759332
0.0808379786269
0.639386393871
0.0294388683012
0.010941223362
0.0880573949286
-0.213763378087
0.118520366455
-0.0307085936723
-0.0172482274796
-0.109370266296
0.107747845611
0.105475555827
0.471782332759
0.603846044631
-0.0843832073283
0.124559846605
0.12828349666
0.035699447092
-0.202177229467
0.0163723448883
0.0606605480923
0.172532883728
-0.0854345574667
0.0858618243236
-0.0910195773834
-0.209651572056
-0.182971803755
0.578995879091
-0.013245235558
-0.197526325173
-0.0836826769283
0.0868094426528
0.0254178604156
-0.0575969238181
-0.0823011798629
-0.215751991174
-0.0682658647745
-0.0660628508536
-0.00730546314881
0.979384000333
0.962508464784
0.29154303009
0.0968627439169
-0.0428058651916
0.0976200056034
0.956257783136
0.126589427304
0.746145910005
0.0395450998695
-0.164069839556
0.409919729428
0.0178745630436
-0.0778406655362
0.363818193262
-0.0475577021238
-0.0712239582484
-0.182364507316
0.125239763791
-0.174762847288
0.0293740426682
0.0283271060842
0.9991835555
-0.0782512690634
-0.094039934337
0.105927485552
-0.169884317068
0.106872487247
-0.217178389865
0.00310565235908
-0.0818230279453
0.00238804807129
0.240718823289
-0.0197567475125
0.100383806015
0.0447950018528
-0.213374448632
0.109324620186
0.614035809694
-0.0113390813682
0.890318119576
0.68259805559
0.137577058382
-0.1058104529
-0.0419684048592
0.12497961321
0.100882336343
0.110294885377
0.996008824678
0.124347448555
-0.0072501398404
-0.210181164322
0.379181832599
0.0182522531751
0.107456483608
0.079853514891
-0.19094146622
-0.0355387892793
0.0951790228442
-0.0107246948274
-0.0581161020581
-0.0907570815667
0.0859328970398
0.996733184572
-0.126330596716
0.803591943904
0.0694548638933
-0.212942940763
-0.0891252893425
-0.0824928262724
-0.0813372378804
0.0555639434922
0.86283920836
-0.00381097235562
-0.0912012251759
0.371948192807
-0.114886435679
0.0130643588165
0.128287463342
-0.217207905889
0.814581319687
-0.0717936775612
0.886264863522
0.686557039693
0.118105369449
0.098074187923
-0.0539384333058
-0.0705180269718
-0.1199916473
-0.217151331415
0.0858638597143
0.940365362301
-0.0898475709884
0.128372689543
0.539296640026
0.473070448768
0.124705229475
0.0123246809434
-0.19197142085
-0.0512986769657
0.127976727258
0.122701588754
0.0730220239038
0.531934506557
0.127958230186
0.000337008676005
-0.0783992810847
-0.0453439533076
-0.0600025514616
0.124661170541
0.988705808476
-0.123715542981
0.0332754744863
0.024540678084
-0.080573178147
0.121568643807
0.0454205829653
-0.0468889191478
0.997682611227
0.099643003125
0.578244537384
0.563237051451
0.856404376873
-0.111281875658
-0.157147296754
0.0612771176107
-0.0241716680436
-0.0891577385473
-0.070868500486
0.881274630547
-0.0891864206058
-0.0698288064699
0.117924673686
0.0279124789782
-0.0235078665171
-0.0907150660511
0.343126962882
0.56695596077
0.0251916818949
-0.0579879548135
-0.088879982998
-0.0913111428924
0.257157535488
-0.0978027186919
0.724786200388
0.503871778637
-0.031672184569
-0.0621664847566
-0.0227630711988
0.100638257882
-0.217199297017
0.027201816651
-0.0282544522524
-0.00738942890315
0.0178189245881
-0.00177020125264
0.375769798463
0.125180585886
-0.213971695367
-0.214026071022
0.260185222906
0.696310211884
0.0229384139044
-0.143603709253
-0.091255844617
-0.0910861416098
-0.077623249338
0.078040706423
-0.0721430462521
-0.0905029692295
-0.0841903307546
-0.0625888369645
-0.208542540769
0.961848093366
0.126866344901
0.945645296414
-0.215644313804
0.128023048623
-0.21712817133
0.113473838009
-0.032090846616
-0.214003842857
0.044758004797
-0.0850107911911
0.0193943505054
-0.0401756174239
-0.0437661491827
-0.0103755650179
-0.0449008252375
-0.13733034864
-0.198668288953
0.0377989587227
0.0391849195154
0.700324124482
0.995888287855
-0.0406651403378
-0.0890878877059
0.412065295377
0.0117616022114
-0.0904752535372
-0.0511681530307
0.96452145542
-0.089539578455
0.0702933473863
-0.164009568446
-0.0404278019188
0.604975131205
-0.204275325216
0.00121582494675
-0.20256160991
0.0580745412839
0.120001710648
-0.192797907832
-0.206177034316
0.644335561407
0.961172907277
0.428475713181
-0.0667274666402
-0.215598654122
-0.194492607019
0.127402974883
0.36872786375
-0.0919369500113
-0.192720747002
0.0630773393464
0.0379967509419
0.0239624917752
0.0443153682182
-0.162731206706
0.967827311708
-0.130858968722
0.0723258558788
-0.0846989035655
0.0547958080744
0.0136200831974
0.881683680328
-0.079317109081
-0.0776060925412
0.288964511479
0.0975932461956
0.915264866709
0.100120516179
-0.148810790999
-0.187938836707
0.929358502124
0.935844681102
0.0861324294934
-0.112844010474
-0.210602187739
-0.0944202784035
-0.0786273093438
-0.214623874417
-0.0279017965497
0.952292916604
0.0120149018969
-0.0909954516872
-0.0904212627626
0.952777391243
0.995063919114
-0.202717740159
-0.053962487547
0.0863479040661
-0.0842518343397
-0.08825234379
-0.0727874194323
-0.00620177661105
0.995786049092
-0.203930258764
-0.0713598121129
-0.195105525209
0.112434770641
-0.0861557084446
0.0469397744588
-0.196314619722
-0.211588950231
-0.0745774544134
-0.0681593369083
0.0221884804091
0.189075115383
0.0818155156904
-0.0710412903147
-0.215067070367
0.0671136915543
0.050446863231
-0.0484657814466
0.789429820431
-0.217223930703
-0.211847371874
-0.138293010002
-0.185992913495
0.606114083873
0.641927737769
0.536992569003
0.114490830025
0.755555327048
-0.04599527104
0.00399057770294
-0.19389658988
-0.214182697696
-0.0911636034641
0.128012757016
-0.0579629761397
-0.063918348292
-0.0322156831383
0.550839805996
0.0501528101639
0.0663128158186
-0.12104427537
0.0503612540179
0.994377677621
-0.211946773552
-0.0417617589927
0.804201641473
-0.0650318411075
-0.028928858761
0.0652606391686
0.172671721089
0.993782396472
0.990968067026
0.930884407974
0.0154685601463
0.0220033647057
-0.188360344388
-0.0681843076127
0.100598057189
-0.0205230344544
0.113062900045
0.123797864722
-0.0403117424541
-0.042573615087
-0.0695982396857
0.127375197957
0.0948260326133
0.599838869474
-0.017089823035
-0.0237552564269
-0.0287754572112
0.126817085109
-0.0770255789235
-0.216278815202
-0.0321950682724
-0.150236712772
0.929083546728
0.106222909976
-0.0573568969916
-0.213341566267
-0.217084138379
0.554223873903
0.108551339186
-0.0859918185519
0.828055314826
-0.0912916157051
-0.0884430333679
0.0453635935703
0.421496423628
-0.0655810439525
0.866091167252
0.897728093243
0.927957383781
-0.13393743789
-0.188642181444
0.0318595724116
0.124560728766
-0.151692181889
0.125050092237
-0.0813654220425
-0.119054169139
0.0402843596601
-0.0379153778159
-0.0963521452102
-0.0682463223967
0.963683401729
0.0392392378161
0.945097965013
-0.0909666270574
0.0722276794032
-0.0876199577332
-0.0880540120628
-0.0375581463865
-0.136514051729
-0.149373608325
-0.16920893163
-0.0580922529103
-0.0879367905064
-0.0815364212809
-0.207039087685
-0.147251231
0.127970475147
-0.0495929600427
-0.0205575131778
0.986441061505
-0.0697606532038
0.114609311058
0.99760422196
0.0474178851479
-0.161079454823
-0.091098807838
-0.0858657370563
-0.0296455112612
0.0954137963648
0.591829138495
-0.0755049565588
-0.0103130488866
0.128217624826
0.103721561745
0.00394836500009
0.173146256532
0.0953648674326
-0.0659239917109
-0.203375794797
-0.208073684808
0.492632842561
0.894674917223
-0.0725410666395
-0.0336389684979
0.329067748285
-0.108723248413
-0.0763509162471
0.0114121323124
-0.0565614730223
-0.0579156573965
-0.034450961446
0.98302803152
-0.171503545788
-0.0601479223824
-0.0507953190719
-0.208666910323
0.992668609207
-0.197677641054
0.121404027829
-0.0595621205937
-0.0791558481157
-0.0898497984573
-0.0846228960375
0.646820129087
0.132088264438
0.939564180601
0.47220985041
-0.0659186627518
0.704642696528
0.322001449751
0.872758595884
0.0436631140931
0.919947261805
-0.0467112433259
0.126465892114
0.118737319068
0.0126638088332
-0.069981991731
-0.0117171090033
-0.0767873771981
0.738490694924
-0.188843924688
-0.1157000946
-0.0802946998171
0.0109960345853
0.00992658072267
0.0399657433769
0.0616842644875
-0.0913250027576
0.598760534989
0.436867789564
-0.0298963517228
0.778223976375
0.27052967632
0.85307228202
0.738085024485
0.0345118816733
0.783902812144
-0.214862911766
-0.0192440750102
-0.0807463380314
-0.217048316633
0.969808462455
-0.0511403060612
0.916607736679
-0.0293790679529
0.0850236801292
0.0188582309115
-0.214941306088
0.671564267875
-0.152543316164
-0.0390887219565
0.0235069021414
0.647274045363
0.0868947535243
-0.0182620666723
0.12691425549
-0.215063119878
-0.026646402477
-0.0185066732453
-0.216797945125
0.127157047419
-0.0448505559901
0.016860924357
-0.0606557577415
-0.216073535298
-0.0950735642404
0.120262841909
0.127125114818
0.690287573787
-0.0863329630217
-0.0393384275154
-0.19783018347
0.010086379435
0.0317460221944
-0.0913206669769
-0.0992315473208
-0.0907114749183
0.471246470391
0.115124621899
0.081077065972
0.109503188224
-0.078510766362
0.118662860369
-0.0288859166796
0.0865139208441
-0.0690675754796
0.0482970398355
-0.152368229396
-0.111633393481
-0.00805620532244
-0.0489044404179
-0.198052874108
0.0837342432156
0.616958685055
0.128314362132
-0.0016065227174
0.0848448076146
0.0900321484948
0.0198713922359
0.113446008591
0.992826639334
-0.0519040064749
-0.0260890333316
0.00197399866261
-0.213840459724
-0.00720419618014
-0.0901325715279
-0.0547661721299
-0.184571862184
0.752469943038
-0.179872356477
0.16501083783
-0.0913251552384
-0.0913136044885
0.943357595562
-0.180266319666
0.657065371058
0.354125565698
-0.0936665876247
-0.0277288672992
0.29076655427
-0.0612679786678
0.674183113532
-0.199939631742
0.0477866193621
0.0299677923559
0.82760053053
0.118556322997
0.243556454114
0.0909526404085
-0.0906091244598
-0.0878161374353
0.993650538081
-0.0836312833732
0.140644127055
0.75160259457
0.123160445963
-0.00813711732191
0.440443486758
0.0325948218443
-0.090187647851
0.0934477695846
0.208296952856
0.0733832122321
0.779212092471
-0.0639038216798
-0.0598295054872
0.204985386962
-0.0835311333218
0.11856902609
-0.186810329836
-0.207515755969
-0.0309651865842
0.123385956126
0.124757795553
0.456148519
0.0219435068085
0.122818029553
-0.0836339324687
-0.201020252672
0.126710041864
-0.213363931895
0.117780885802
-0.0143293677087
0.105628355818
0.128339027942
-0.207056868557
-0.0142660502832
0.118393983619
0.0149231074353
0.576785264555
-0.154427377956
-0.0319993182523
0.0155965475448
0.629225753841
0.0854552728932
0.679472755219
-0.179636890616
0.502804112117
0.0765408378167
-0.048211592439
0.99056083889
-0.181981591227
0.113180595249
-0.105825177261
0.0234928244033
-0.215894243415
-0.197129503047
0.161016771771
-0.197312402521
-0.0674500462076
-0.0307255183579
0.0876278680454
-0.0992249617629
-0.0342867973418
-0.129876671592
0.0702317412781
0.127664719952
-0.035011031052
0.890397987991
0.0824573456249
0.968376278855
0.0832115129638
-0.214821968447
-0.0839008882561
-0.0913242000051
0.0925583877105
-0.117223535852
0.498827983764
0.0669396166669
0.125881574677
-0.0474548040461
0.120814434621
-0.217194997494
0.093561597697
0.440377719787
0.381104691636
-0.186129037304
-0.124946573621
-0.00122275421083
0.238278322928
0.0704309109464
-0.199612501218
0.12712820607
-0.0454270251762
0.107421173054
0.128253700652
0.0220189640049
0.672123307408
-0.18740080305
0.0578751119015
-0.210123851978
0.0808285670133
0.116640069748
-0.0221545341537
-0.0462686245086
-0.0626700997537
0.0422228584034
-0.175020591409
0.198334796144
0.128138447183
0.955193924097
0.914814790402
0.911405990283
-0.0422335477456
0.0804696034127
-0.0461321740456
0.02687055321
0.409328142036
0.127879425427
-0.0872657080759
0.0636181671103
0.124402784767
-0.216213447777
-0.158824332833
0.868689998212
-0.00134255921543
0.992141673118
0.893136117766
-0.104202514452
-0.0911749911
0.924990670678
0.128220704544
0.0538689224222
0.123364357853
-0.0207298518132
-0.175694066012
0.984883004916
-0.0879967973833
0.0205636157366
0.890016197636
-0.0686652505291
-0.189506821191
0.972735790112
-0.177267033137
0.784640144685
0.0750783932006
-0.0902413050919
-0.0815881418254
0.115417646743
0.997391291972
0.413729895219
0.403945792205
-0.0900761915708
0.102053362122
0.998214671726
0.392455881485
0.0917723080452
0.00811802036069
0.222956100177
0.996865148925
0.114643352766
0.968851762577
0.0552814741918
-0.0247643857919
0.058057116646
-0.0538918691969
0.108904995185
0.629472392576
0.00570537548725
0.868224539658
-0.0789643010137
-0.0630570638443
-0.0910778764068
0.133784635932
0.978198543343
-0.0928432581705
-0.0228100085714
0.11982217357
0.172465372538
-0.0536298335642
0.0895606767575
0.127620461185
0.0588038191892
-0.0713664353387
-0.215398328201
-0.0890001652548
0.655216697014
-0.0478115957536
-0.106467452902
-0.216898658067
-0.0723761797339
0.0172557034007
0.481930827782
-0.0658583360662
-0.154790936589
0.250474944661
-0.196676871342
-0.0568896444918
0.124460986852
-0.0401171821876
-0.0383915174922
0.544389218904
0.115065123824
-0.0703743127776
0.733864449539
0.071405056083
-0.000734744170153
-0.168450611113
-0.0913178865859
-0.0904042335378
-0.166895587166
0.0625464537143
-0.112199172417
0.490793006866
-0.0814058687165
-0.181597691675
-0.0585255314523
-0.0728780301993
0.851188288025
0.0745401755805
0.970916856644
0.105883801819
0.409787871287
0.999849014619
-0.213255258645
-0.0501116382388
0.08664192878
-0.21357143553
-0.0913037120704
-0.0451024650714
0.010401267801
-0.0912890144851
0.300649924965
0.0882683673926
0.0371487889828
-0.177881120381
-0.00456354428365
0.999974104708
-0.210906179001
-0.0580099281153
0.106659178247
-0.0444861107341
-0.0793578699373
0.109397171934
0.968665360502
0.99984536807
0.997875951581
-0.0202802535463
0.817057440942
-0.131784237211
0.233430672169
0.531038319999
0.0746801791522
-0.201261454351
0.289915069199
-0.0376417073714
0.122857938489
0.0434968363713
-0.0829529583974
-0.0392508963509
0.117943347765
0.0686673040821
-0.0270395321494
-0.157688873285
0.999323358217
-0.0911133682453
0.245908904433
0.723905069208
-0.0503537931609
-0.0428580439875
-0.206002456638
0.976521865473
-0.0852699140387
0.0645163498973
0.0393028871907
0.00116274892597
0.119710775292
-0.0809403009247
0.115682830808
-0.0164681353488
0.429241456744
-0.0236635336743
-0.0880755903732
-0.209717352792
0.00668225123766
0.252097406714
0.124738193067
0.0132931790124
0.397441908587
-0.178974445885
-0.0296857604303
-0.0589667991489
-0.111640068629
-0.0588995514175
0.682795992467
0.0299227789636
0.759595611315
-0.0481829581409
0.754889931985
-0.0672544746282
0.0893777521879
-0.0169134682459
-0.0186951651169
0.0612486073757
0.865180766875
0.0616129064393
-0.186420781715
-0.0276180520299
0.00694309627932
-0.214654543819
-0.0245846411127
-0.00414192179214
-0.0883169061792
0.0702785683092
0.128328309518
0.00709908589153
-0.0879350272762
-0.183154031561
-0.0127092691945
-0.00533554417841
-0.173419448784
0.0100651576375
0.565873258362
0.0335919692306
0.0495281511267
-0.0101537690835
0.0322946632381
0.10746838275
-0.204252161327
0.0681448122497
-0.0841761942471
0.834922654466
-0.217214058609
-0.0913248445888
0.119208817482
-0.0470926150441
-0.0958522544847
-0.01975944693
0.0196260333957
-0.0940920119409
-0.211048715852
-0.0874987719415
0.0217033351694
0.0570812225842
0.12837325601
0.0693895500208
-0.0140762452
-0.0616602381103
0.115830089244
-0.157029896505
0.0929581498872
0.988496228961
0.128315087196
-0.160318315947
0.923971739436
0.202517133817
-0.0508849745849
-0.0342508309523
0.0835217249772
0.127723740338
-0.0666825858501
-0.196717538279
-0.0107217197152
0.0207879849615
0.44277746745
0.00924588327732
-0.0900060132545
0.876125523153
-0.175785241645
-0.129831245946
-0.07409516636
0.924437184337
-0.090117061591
0.165423333661
0.116135844155
0.618160407636
-0.187195222745
-0.140160453508
0.818127931155
0.118005785514
-0.0876445898387
-0.200109657446
-0.0630276479383
0.128324724133