3.1349713108177215
3.8027936543267367
1.0162240619754073
3.0315570689003084
1.1495608499024073
1.9504340657152563
3.098134408070403
3.2702984133145643
0.36410901237766025
1.9798253994973027
1.1704396612822605
3.9411330037434587
2.4517948035170267
3.3383340637688623
3.3094127181927027
0.6354171471431322
1.484777108796782
1.8761019158262586
0.39267001622319864
0.9080289968896516
1.474452072404146
2.496138245168003
0.7988235320486656
2.681678615679042
1.0065798425088146
3.250384373480034
2.3275649779128895
1.6231389486797636
1.5108649300186179
0.31346718032788834
3.851174492778446
0.9253419788819857
2.5265409789484967
2.9146223396756925
0.9926000380504383
0.30747912995374005
0.5802993479410512
1.9209071458853448
2.273691331146277
3.097706489737186
1.6770121363664314
0.5876080210180028
1.3508639184356466
3.248709695826484
0.9210540577228827
2.0947103433768213
3.1522745521642315
3.9060732483613045
1.9664420185712235
0.6044011699991194
1.9296661590706843
0.38194589724869665
1.0125611311868061
1.9601650906737382
2.0894513484461266
3.435480432114337
1.7050127506269632
3.122813580112749
2.238992836859396
3.960997023056401
0.1659033091754969
3.0491693249077856
2.3372595583073763
3.404126689184652
0.03038107389286404
2.3242678251447493
1.9138538426664176
1.7013643471228246
1.9844968046270686
0.3510490276365972
2.9277807882274054
0.14092941375407175
3.643306587949066
3.7671035476050827
3.081588527779332
2.1017700156936843
0.5297693943785329
1.8738060416703317
0.4656482405026181
1.4787900946982222
3.6959219339445544
2.0089036450856916
1.6246564433014612
0.7710236946241511
2.9354757583791287
3.950131277875798
3.94210785861952
1.5826056811608407
0.6108764156553645
2.9344450058158436
3.3841501495495265
0.6983940750061124
3.1898491859711817
3.625055980244201
2.3100681633132893
3.956024536464782
0.16984652491931485
1.8737391605292277
1.1468512465697
3.261668506646454
1.2108693535838477
1.2271163981660327
2.5464095877199604
3.8429416795029043
0.8495688689311702
1.7401918139149881
1.3558673459666086
0.5084429394814007
3.1789682047346273
0.47414411886609154
1.6271453596408683
2.8472461497076775
1.3616566359477447
2.5505850201502978
2.095743705663054
0.13824393817634384
0.6348819892896609
2.2067242284405095
3.8682733523916237
1.336089954924251
3.914998821258898
1.7844890994057483
2.68614039250974
3.1790709476197034
0.9396895802463887
2.2313865558423718
3.9052234747600965
1.4240522661449955
2.914239915871178
2.821849495955511
1.3395173916952148
2.9085278965210475
1.9973170098572077
1.6138562524075715
2.527293335945917
2.54642022379422
2.814175702558187
3.4882865745093827
3.5456428228848287
1.880051030731197
1.3835533692532742
2.9400226630620003
1.190736523547287
1.7827594474163564
3.791056172364585
0.4763346172003451
2.122766073528695
2.508888698033862
1.2902597548916153
0.4357868448545523
2.4053560731711516
2.1783135338391877
2.8485107286707776
2.8863957994171465
3.6893647091091846
0.45625816411184283
2.329317751867429
0.6227269776981128
1.5034755643028368
3.02613062820886
1.0587801061275375
1.133505010447971
0.17373217978277244
0.6298946324971779
3.5154596784739973
3.3082468721803218
2.318223876042301
1.8686853530351013
2.3038295560093895
2.1894136395184143
0.6386808708190923
0.28499209823957194
1.431327009243093
3.5611341659068176
1.0153350740041822
3.142568686902518
3.087847043383239
1.824122921685083
3.374557280205857
1.0896696244347388
3.880493821851261
1.731290298214565
0.3242450599906612
3.060513805296307
3.199238284658675
3.763485350234018
1.9770124092098218
3.52021009682372
1.4714579142294966
2.8068863440958745
1.5987029479243713
2.093449304553148
1.5168296282944915
2.413144075212359
2.453906143071722
2.626824561476986
0.919149826141255
1.7466176754585505
0.2742201896405998
2.93735767044827
0.690848050594147
1.8055332096277752
0.6294789511763286
1.5318145504368106
2.3689724348346877
0.18088728788934239
3.7060809882528534
1.738583751281722
0.8626724176248759
0.8850961412060716
1.1382225929643175
3.730562825725341
0.9561923155165326
3.8077575494079605
3.0879386970693354
0.6590308499608137
3.688384576253035
3.8890210945481924
1.0012665198296435
3.4103146731145335
0.0026531406017715753
1.384244106859498
3.850303763615134
3.9385840883216208
2.6742787800234478
1.9992651449904315
3.8191110737436733
1.2582986774392317
2.8363690163764503
3.8383693064583526
1.169513935049309
1.5599597424903404
0.5226839067534552
1.7118197833302693
0.1292627856630646
3.0898104248836735
2.9650195557158345
2.942355371665999
1.2279349671538808
2.0214897848623368
3.09260626339999
1.4154595248806787
3.098770028596476
0.18499143170172694
0.96618831595632
1.9819837435843661
2.7476740876052315
0.6435415381173399
1.939070272273991
0.01488668126947612
1.441080405402209
1.042216696752889
3.3511882766513184
3.641690583217704
2.5111054881156822
1.6767739411863158
1.2252860197142512
2.8062275112565933
2.3170106107964132
0.5798631601334692
0.215965404562108
1.3906701097967482
1.8072190433035864
0.18521559635805618
0.05603481053925474
1.0265339530996864
3.045562721797565
2.6006722429408202
2.8668741099748467
0.776725286460386
3.188558447181654
3.7846918774272194
1.532172446651093
0.6838042781551126
0.011722084364901075
1.4707197555288887
1.980701725895556
1.7732539029126202
1.0300193654007392
1.6761059370696736
0.9256320748009492
0.6777383118764053
1.4881141020648059
2.8242583928687806
2.679139830101762
3.3465380023523754
3.742773877601407
1.5021960116208657
0.9498804051621459
2.4190288243878855
1.876417406062123
1.1338356426673295
2.7882123814110704
3.2020115132693583
3.2606659514321765
1.557845071347586
3.5700912712681285
3.354771058642786
1.7764150219246573
1.170181725330763
1.0167809098601417
1.8736194889578281
3.6905424537269997
1.1107947791881343
3.627722838328863
3.898965285448632
0.47952829265652364
3.7759635184417366
1.9976521319280582
2.3578204554994953
3.9454667432669064
1.0791146896171626
3.8337047087866507
3.0569807356244363
0.743249625517485
2.2112780268281007
2.846236886752568
3.16982194375511
3.655708134582685
2.7289430222318205
3.087303583087469
2.8885502842228687
1.2966215385475492
3.084757324874442
0.4430239897638457
0.5228714930865634
0.99315514319371
3.8255067186903102
3.745275411120196
2.1129889083477367
3.3796093563903034
3.8905038311798505
1.785869689052944
3.0310071518031436
3.3671605243476765
1.5625896447502932
3.757262051891327
2.6458447822295845
2.813846664285669
2.591623219732263
0.7806604205016363
2.3130971342278026
3.4898226564115564
1.720648393568787
0.8487086051171744
2.3023341628193874
2.84153257184272
0.6146622782576654
1.6935995659576535
3.1199904762115303
0.035641593194275956
2.2842671829483567
2.0700615495652412
2.692903586024698
2.5233432069498556
3.699097622146973
3.7484632963318067
1.1829125514948715
0.40857152713417566
0.7045481183670859
2.6707235493294346
0.6023729552529091
0.3266778216020314
3.3816957056285726
1.6823939239204222
3.7508912301077464
2.6401509120205295
2.3732662075379256
1.9127510032047703
2.646108182008187
0.668286747533652
1.5306896807166632
3.9439882024244817
0.6125011629178343
2.595461229794787
1.8240730019922524
3.8595345943616213
2.6870924917346137
0.5816319731439679
1.3626940529418854
0.5411243282815983
1.5870424429735013
0.55053787133417
0.3679740958403408
0.3624645311430772
2.4739702939052326
0.8254971631526078
3.9291239829118254
2.9342528696073247
0.18449769547446992
3.9188062308947695
1.619733871617985
1.3542670639070828
2.060058432902052
3.484774226992811
1.3755565032629318
0.734794240988986
0.14587060586047862
1.8966994840564024
0.319027147005269
0.12778067581418817
2.95748477601819
1.7085782322339345
3.258249231536936
1.1522684351864037
2.4366699339539397
0.6439567114553664
2.586760623455789
2.7493689126928547
0.19184583059428917
2.4942122165872997
0.33410642730080875
3.6440708743846693
2.3527359714146563
3.752090426620683
1.2389258197653241
2.731643660786024
0.8972875888950469
3.6135399079574095
0.913926264811864
1.4322759297537315
3.3563641262433572
1.8288130411443997
3.4084517541853767
1.822913330660803
1.221073558678479
0.7544346261365402
3.226985902789406
1.12356380211112
2.840909950309764
3.5529201962493553
3.3016050253750335
2.931901147455477
3.6993338648710226
3.603393133306595
3.3822388774080565
2.0547028921984936
2.7236705154560186
0.10166261703899604
1.4915109515639995
2.2459845172888673
0.8731404125432936
3.0571716273990504
0.6449641198481424
2.5847992930454136
1.9867681454906174
3.7710731635731114
1.7119187963396745
3.2523993614348363
2.4856637403909096
3.9569491484285053
3.0968596513487303
3.830519984306654
0.6080759933420303
1.1552929529414353
0.7968652998208672
0.12298521307931232
3.7980932143296022
3.8613314080609973
2.7271131390034373
2.3205538233132508
1.9544056183719283
0.028259235334803012
2.30402224161401
1.1985701421829114
3.872392629212239
1.0694891482512228
3.4849797490680987
1.1069533117303916
3.1799033762549738
2.763841217287686
2.6445495659252853
0.032476523524526346
1.4938314420424708
1.1567444143774108
3.3974980764214395
1.0406982785887084
0.6612411441900181
3.4676155489438716
3.1045055122260585
2.2139154664977756
1.9904076445173158
1.351642190129854
3.7095439272080246
1.989759242726855
1.6198408894598382
2.30918216255521
0.10527383304898708
1.937614587248412
0.7563019833379472
0.03774951761050538
0.3204826677667447
0.7291335042263589
1.9595058230248088
2.382958577706441
0.6171804816871469
2.058062969986329
2.041638619715197
2.7871229788348657
2.4502148833731834
1.6791250998071212
3.5002479483126905
2.7405722909009333
2.4695328797540177
2.3018505273305796
3.8327480527807247
3.6298561805962217
2.8425574374518647
2.074965211125271
3.881166157261644
2.7232298233638543
1.7715102421622948
0.5035119481662416
1.851779419103086
3.447205613739008
3.222928604680814
3.4843208973395394
0.19135411200795982
0.061131134266195986
1.5099734624358399
0.8515569311901232
2.515273485295006
2.155466056245473
1.473810494789638
3.623708551540352
3.769143492058922
2.9581514040829107
0.1653015966237854
2.244231712842709
2.148538588923957
1.6606214560757104
1.7251017914860682
0.8978507306759851
2.358614272278237
2.7737378528696004
3.0149338675379678
2.6196767410993025
3.630175007257466
3.821022085820007
2.8840708597886824
1.4491745433241583
2.9705968136420697
3.532808622362892
3.8962599160043876
0.931828567943068
1.4246047192861182
1.2185012861232032
3.6181387350303944
1.714630227214419
2.4783173135855563
0.7079915638197494
2.814191037840152
1.7545027730540261
1.5710422436079927
3.0594464494537585
2.4560965291512122
1.7448619644349819
0.13434203518048315
3.5507335679730074
0.851302147496352
3.737201149202422
0.7689751373256493
2.8462341242000235
3.623038533053278
2.760329067195735
2.9363425350666903
2.341362123505593
2.7607843212090826
2.7676559163720666
2.925175457109242
3.98828621334303
3.8640930305252215
1.6896666673596163
0.5189458035444021
2.376723237911499
1.1793129569773173
0.6384810954366764
2.6644309943423345
1.5035157101168943
3.8012940961600963
2.143515277981183
0.996576214015036
3.3419654163067825
0.6565682909329773
1.171890520403057
2.7514001102784214
0.8091112447948605
2.4354128778631297
1.8935123649477785
2.844245332412336
3.0350302613396543
1.707085528749655
1.20219197835346
0.906151867694994
2.911293857200259
0.33459383744383864
1.4335577238158352
2.351829810453848
1.8447019104662261
2.9396514544976746
3.224302461580238
2.0087158499419777
0.5553060294578294
2.5302957661434338
3.739620463926417
1.5698760152090196
2.9917133452691895
2.8318347305870257
2.8567161831802665
1.329366475014047
3.158775215851456
1.6337100637093975
3.4085596827453593
0.19256371100642866
1.513654657744191
0.5623634821664387
0.779229362340506
2.2869628364318384
2.859720487024777
2.318642905801211
1.3797411645462518
1.4209027324741053
1.7707203272572536
2.244079503181884
3.59362499276135
3.526803818277311
3.5368312741764356
1.3845417518836491
3.0094652122275494
2.8638731248706915
2.9288136801309212
1.339245855756852
3.81972306251145
1.6049577827978232
2.5821888256833727
0.5689482011220699
2.8966079089903807
1.838881482157766
1.551346018545623
1.6930241820196956
3.328664696739393
0.34270162782365876
1.1447953717843284
3.381525679116132
0.2840680890691276
3.3709485748258254
3.097567547439217
0.8653054902984065
3.8889378303447573
1.855430166114664
0.0013498643257432441
3.532315658698212
1.5781478707251044
1.50488127840305
2.2302915107987427
2.0594296846929048
1.8047830505050504
3.1061884031257163
2.089082304135152
3.5613031650958225
1.6497370933160065
2.0620330397696076
3.366570357862316
1.8227992626403546
1.3812335560489881
3.808932192504032
3.5560046734248494
2.4634799633932936
0.19069745959660755
0.3433660158858798
3.2264069753349336
2.119739939741663
3.0368120650530535
0.6350162969204924
0.720378104189292
3.1073972324192427
0.6692167261987847
0.7130708808407196
1.8478019307609235
3.188666152302372
1.1293120242781796
0.5181276072066696
1.4434269961507589
1.0053213531514795
3.0238208153650623
2.278829866453696
2.1407935996506704
0.6457809167307893
0.23607176480924608
0.22529589602418376
2.4962387013342373
1.9592379926627719
0.9724174850376617
3.9757515560090035
1.8461031108118893
1.1126416011869869
1.0466734137106002
3.3905550004639533
1.4313612272092824
1.313333394747636
1.4156369089042045
1.2855389039982756
2.8317606261034958
2.301473597312912
1.3388014820399197
1.8332048075864003
3.1202207067809478
3.0014927738984145
1.8610520842150762
1.7354594873787286
3.0336673776090306
3.2375261850789823
3.556002794451255
2.102131507217783
3.2882542870157527
0.38214729107785406
0.3722860766648588
2.993674227966249
1.231421974415431
2.1830103440766346
0.28683951402849006
0.7834300955633879
1.1984496749378986
0.8638057311648053
2.866822325182377
0.13920591577638497
2.1503492860427165
0.297041131517219
2.9117636577810377
1.520276984327921
1.4723380406767208
1.3396625062200704
0.07556765891655415
1.3864016645758648
2.7896683760020347
3.116046564727211
3.0215709462470657
3.6494955610176354
3.703168188014592
1.6923101761002441
2.4077625743755515
3.302514808851638
3.01598303249187
2.664806892521442
2.132301168208967
0.514097782383315
2.3825308602330404
2.6974963691307354
3.8907951033417376
0.2710764223181896
1.2492146615199142
2.055749435445515
2.5595422707178743
2.451153522889577
1.393309520119503
0.20334949856370876
2.608248592942191
2.3026592703611493
1.1627187742340275
3.5350024455243028
3.1715621004496866
2.9277639379460587
0.5977709303815351
1.411777132120616
1.9703988680108306
1.1216231176004845
2.41923749307041
0.048790572216087735
0.050367610222290526
0.1589487507008478
2.637472573706538
2.3018364155534545
1.78883321963148
1.9588673204236224
3.995784648669128
1.1716601388247652
0.9348216628267996
2.774296545657762
3.7474800270703708
3.838844190737788
2.8936174341360608
3.5289239333189837
1.441981740087924
0.17528702915654693
2.4202260511621803
0.06270750320364415
1.6233543496424971
2.9075836769501575
0.9313627140599423
2.196104808435695
0.36526367621741196
2.7419569029490285
0.07231589573838537
3.20650096680461
1.197764293276752
1.8810135225950235
0.9865693988312452
2.316994010128095
0.005209793164151932
1.364903615028647
1.2081118038874918
0.6358760420109921
2.037404462897712
0.2483067742527041
1.5714073505820743
3.572400134579461
1.134708098581204
0.15105314254945945
0.41447842356808096
1.7983531891743385
0.4919800370552161
3.413974694523259
3.7271277357508588
3.1886245665820105
3.578309627063891
1.0870608190125681
3.5397159903930087
2.1001262441538473
3.810809547072289
1.1827397768894987
0.08300424356845015
1.5254787870594466
0.7744280117150946
0.9964462363751574
2.9143129280821767
2.6186362702502346
0.22157147637955976
2.2265074250679984
1.4829201987422036
1.2085131411438668
2.038967536271525
2.225190617465856
2.9404979265667186
3.4613312565591463
0.06292180985816254
3.940744313118322
3.1468534740260843
2.7900738209865383
0.9632202883915681
0.33197944028753623
2.746706582747851
0.3873970649786487
1.0956254372955483
3.5523411196985104
0.7783855158776758
0.5251779829778034
0.9620329238137244
3.953761420795958
2.3269157733114088
0.40505730445507915
3.1753895710980555
1.0886376336041774
3.285567977534974
0.41666070039695047
1.34236488395771
2.4717277404127924
3.853977013832856
2.4255327402891025
2.0543615376352746
0.3098272003376934
3.967069904247404
0.6348324067663254
3.966769892489881
3.624347105559248
0.2521723718883848
0.8520640950892142
0.08821810862093438
2.3218629012614294
2.7018623610728683
0.15124105036628466
1.832146091012667
3.2741418023220765
0.6647570672077707
2.9762197469392517
1.0354276728729186
2.0044362585396236
0.434815300403812
3.3448434559752362
2.201956131716499
2.494292415612236
3.286058683849558
1.8565302212909698
2.1114286167416205
2.095134645666111
1.7094387523362866
2.973553068042516
0.5220115614215679
3.7959162272279268
2.990302507311333
2.3138620312143217
2.0342061265569185
1.245828759222153
2.521663234257692
0.4062705069833239
1.0560156634912334
0.5910811464959997
2.1572830516315964
2.643811258339645
3.534596430840106
3.800040283046613
2.9641695576912084
3.321893831155143
3.0387811765128823
3.3129951813846024
0.689383740050646
0.6397320046317607
0.7511245276514518
1.6855199907171778
3.4135649337317915
3.9700137636038195
3.196172608836622
3.748704734436546
0.047908575654041385
0.007368799362637901
2.200759922338101
2.191107681287712
2.9969767261241693
1.6140146804196274
2.2743531838974183
0.08287439136203689
0.25817835697392555
0.31237716747862665
0.7945307079721537
3.561037529038676
2.1145874822234334
3.8628312087199226
1.3725127962019568
1.9379420936412868
1.2385748799361114
0.9362091694017711
0.12489873748956581
0.26671011168485803
3.5220433845255834
0.2206417162977834
1.2300790453634614
2.634392956146831
0.9657319300350307
3.3672851096909375
3.453832822586633
2.89880613012835
3.846845710763852
0.7855755359150804
2.7952281700734014
1.1784987770233402
1.5385510302214969
1.2225735651214902
1.0756936373003634
2.9452614386286875
1.8584354934978746
0.1532058692649163
1.7247190476813623
2.592599898130539
1.7537924997544088
2.9685428624361805
2.866672169781447
1.9954269749078586
2.385916763574152
2.013617128005958
2.6037593627169753
3.754623130904656
0.7303478742740395
1.0552606113839555
1.1381696229063292
1.489262063537057
0.2604136940374264
1.5860404750110657
0.4728033341529003
0.22743629480045868
2.405255803313623
1.9054456873692027
1.3210578346997033
0.03003243746745099
1.3803376122978275
1.8371146472830375
0.26553980902892693
3.875782255544886
3.132873336182185
1.7419053887226124
1.363065229490795
3.835027303007944
3.922033890309773
0.6454905053368272
2.7612918607432286
2.3435276555988396
2.3747586340575983
0.791903915372139
0.8711902754582082
0.018731582215843368
1.0937642593688586
0.2481318853792147
3.148325978630471
3.502670168352265
3.6093116491494306
1.2960887204260816
3.3488896709499256
1.0725725418704672
3.9208405209731656
1.163195054651191
0.5154377197869278
0.20030754438831044
2.7608578347549098
3.6900727654161054
0.33672614435677684
3.878020063220616
2.5820338550026465
0.3158207024223274
0.806265672639205
3.3598717028631087
3.5576273723032013
2.3059375092784506
0.29340076162225204
3.3161293588021645
2.2283194849963803
3.5941755156165804
3.3175489890454366
3.9951952024460007
3.5285497913665393
1.8588356722916588
0.27299045766298136
3.4645958669542574
3.480541763114673
3.5577466074186272
1.7219812950403708
3.7249359333774645
0.4916647782107155
1.5085531483597916
1.2230120763782457
0.9447790192414902
3.4626259773260166
2.390885390115657
0.19780665087258242
0.5218253063355105
0.9375175038792105
1.8866980342967241
1.7211070135881625
1.0099339830624094
3.065017501876988
0.5595780837009499
1.6291458776224892
3.7561565879835856
1.3091436166610562
2.3396858601122297
2.660744430609473
1.6985005917787168
3.3031447419604865
2.747159247312746
2.917651403387725
2.700245401052491
2.3439514377912567
2.9420732775505387
2.6548416838686277
3.3080741731362
2.3410999733439026
2.559742392448291
3.599675954143145
3.6992353193200267
2.55874950498126
1.5258072356090024
1.7132243039164798
3.257705025602178
0.910215541505039
1.280464363662006
3.584403305444373
0.9370111306943705
2.6891179263526097
0.8297454159351272
1.047891080369634
3.499629743514787
0.4660880057186625
0.025927829220635523
2.2892253228356525
2.1739858885114924
2.551600419477184
1.145769346980602
3.352118778147348
2.61970024100031
2.8116485691432045
1.4675445152487834
3.7130137535850993
0.8543794389100046
1.0759932738311595
2.5980442961934873
2.8380522867550635
2.5485404285322004
2.2180310438091118
0.5745505241083979
0.6594244905311353
3.0984472276415542
3.1321710724712553
0.3976643083238809
3.0734523251274495
2.837966162955272
3.7356527846942162
0.06816978382830952
3.1849939011178376
0.5427857203997983
2.223567276303175
1.5743889326123375
2.6843577820654887
1.4491877125814203
0.4769175486862016
0.8682308072630516
0.9903566996805666
3.3330382226548148
1.693614009207277
2.614145043346926
1.4486320236461565
1.1248435128808523
1.2872799389363427
2.089630314372827
0.8789754055349679
3.94366204602008
0.9253418873744428
1.5668944660641215
0.35884078022427746
3.925112348545289
1.9635293576777806
2.9586383422392957
3.434382825420333
1.6719464867624314
3.076401575818677
1.3548386266912034
2.7376812287415753
2.54291688106198
2.1925820655510324
1.7731334017131806
1.640754388927967
1.9726599297321967
3.084782030564379
1.5347324530423423
0.9113817236024113
0.8597300213890438
1.8586827546657725
1.5781965834313634
1.9224090208384057
0.561314208684625
2.9025175325830412
0.7460052378224225
3.4037148219466187
3.0818687953959434
3.049629856506089
1.5229979903375988
1.5081102707044884
3.6696827045655582
3.922364960580788
3.4944674746773305
3.210580347583075
0.21046813076313065
1.235180175518492
3.683296304327837
2.6396687264382255
2.1382145035310405
2.627561759151791
2.4448048152017097
3.6366353984419892
1.1584673066081184
0.8807777781026584
1.0791380811028803
0.8569929476752662
2.789096123456661
2.575211934449729
0.48480297630669966
0.826065233955247
2.3428468619442495
3.965774482873627
0.7918849070295617
1.0525686182713265
2.5867659746729927
3.9568171343548295
0.9857190808706009
1.7104773623223326
0.4206677576821387
0.6935366681280923
1.4109860142440485
0.22630921310714758
0.9936829470704707
1.6592039511723775
1.4152170583354575
3.7323567370974238
3.681783001659506
1.776045022592124
0.8795620784370404
0.07248387848919302
0.9940788376183209
1.5464953219823774
0.7744049629781871
3.806745336555893
2.5292974015089738
0.10389743455785005
1.631994170217328
3.2087490665151055
3.8799428198081105
3.9504453611837764
1.6348764476185815
3.6660572132431137
0.7435633385670091
2.4738975009503603
3.0786312910578153
1.5688844602867165
3.641826055953761
0.3967346440982631
0.7586947808179003
0.5324753398450586
0.913795014099199
0.0064950663854053126
1.912342738311291
3.122466451741475
3.5295884767108783
0.8181070736439846
2.0665666725577165
0.46222810679614224
2.7964671789089706
3.1217582773223262
2.915008569693973
2.390066206006277
3.9242461032204377
1.485514708159989
3.6002344784263456
1.0691805740441174
2.709184891590302
0.5929605711807766
3.100399690235016
0.1781357675482167
3.582318757391518
0.9744760185159236
1.5221102863439753
2.7507170600488293
1.3102758627104127
2.9106270807030294
3.2495994848269953
0.14498648788133206
3.3168588224445448
0.5999731320724355
1.3181668453912598
0.2408527866936998
2.8253927085016084
0.7149292206428028
0.9324447067456947
1.533739173257819
2.528895828146849
3.430812919035171
3.344234472934859
3.2446065984158055
3.017217799408687
1.4078741431301949
0.5495347096166379
0.5612897487842434
3.0403859911840487
3.569201269022262
1.2963783179109614
2.702339292173963
0.8409381328050523
0.06861009330837398
3.6930208908569986
2.8298602374817374
1.4709610485091291
2.9733857415198526
3.1989469217692736
3.252370624552301
0.9901614357531341
2.2644195821435624
2.354952858412444
3.3268661280995917
2.0749700162330957
1.0791454856352694
0.6600343164704165
1.6422452430443766
1.4229520610298794
0.21890195196133844
3.4059699314984133
3.2209769301191424
0.5464656244263333
2.931393440361681
3.905498187906784
3.4150489611831483
0.098107718950049
3.1665683525157298
0.9904048205089038
0.7706342117474665
3.665879713449247
0.5724426043686179
3.7462926407248927
2.325417046470952
0.16662385016372738
0.8406908340591381
2.8996832506823194
1.7686482493150883
3.6532576171538182
1.5217146136704165
1.9090936665658726
0.16063282142107216
2.6288618321816495
2.750583290303414
2.1817706367651497
0.49346620183322853
0.4458415271036671
1.6475638710398033
2.974528518071329
1.4943286338898134
0.11118290019352717
2.455719753267358
1.3293691329079977
2.136113066167519
0.23879055831653817
1.6887759811222027
2.388868534582478
2.840712208451788
0.3648603677189306
2.1670878627126537
2.986892795376218
0.9244068423928993
0.43641698358187897
2.7054390719725943
1.413175904896904
0.27740214174209
0.6397454492011487
2.5674477296329985
3.0130731499739523
3.474740711070701
0.9129201425173497
0.17586980216949089
1.5108350911620687
2.9641428047208853
0.28788919992686823
2.677512073199121
3.4442351919581236
2.8672073975482895
2.286221778119401
1.2527642650620567
3.0774501264599836
3.883378157013838
2.6716294770839224
1.2962019121794666
1.030056362799428
2.103644511093147
0.6276971456984568
0.58454400254913
3.318653947676161
3.570201468809886
0.8565620076219478
0.3847737454098379
0.5929660978768947
1.1936618348028074
1.129656744464568
1.0972656193968637
1.392407149221616
0.03142281462714003
0.7054490778262985
0.2916323871839288
2.036428338001161
2.448774440972898
3.6081277107994105
0.9877770917313669
2.544190878795557
0.5031147911523166
3.467389360868016
0.9536554658832608
1.7261548977886743
0.510581942270536
1.4021797479932254
0.7684488778809757
2.668768338261198
2.1244568255816763
0.24676372386929346
1.464994061479369
3.4134156107446487
0.9746599395788933
3.8776008215833935
2.991400791096386
2.221979487936402
2.3085308723161164
0.18531627184022348
0.9416371264204559
1.1770049110060792
3.2473759585281066
1.3057986066583651
2.938693574721444
0.05793757949316314
0.22454781178169814
0.056063519248171545
1.1559069704768001
1.2920644805611237
0.40590966805557427
3.8699491156986
2.958072641543318
0.9032457170230574
2.5240876239640824
0.8602402887950764
2.0241128957877303
1.7118451084281348
0.5060190266695175
3.2573990071926464
1.9837258423884734
2.6382604469138164
1.5505423905717568
0.09855382546672375
3.3496405217329115
1.2105719678386255
1.9415802256248638
1.354478934428128
1.1938557047599652
2.1862837740053025
0.728082222512374
0.11386482381785434
3.5731053269293733
2.22195879720827
1.2024606731251808
0.6957856223342316
2.502898322474613
1.1250704937835576
3.0917552529832997
1.759719523578298
2.7472140348631537
0.015840106152595457
3.887089144911173
1.021781796421977
3.1930613100511778
3.4645306876502975
0.4184926540559104
0.1494572470497162
2.943694936914675
0.8805736890815234
0.8812005559868941
2.1341154498307646
0.09752542383398533
3.81984297218609
0.06808218158701429
0.0073723680703046135
3.6746591118003655
1.6024359260908025
3.2440891371486598
1.5233324459806736
1.3963477019600203
2.3681575886048667
1.9551478790354873
1.0856312250630547
2.6937350634576127
3.592897100401237
0.5322263484347656
3.365686208751349
2.716547822436758
3.706099614623113
0.19945504169220074
1.4573985710820754
1.9758762221047093
3.851609528832798
3.5242299271968958
1.3881069606013532
2.036640243526887
2.2709360649231787
0.18513755158377165
2.779267034758394
2.972235549306689
3.549141482982352
2.9947120950922046
1.2498156330694683
3.585001169320418
2.893351095120677
2.9188240201487696
1.1186734301568624
1.2031184252089284
2.5393824921836816
1.6357678633578763
3.5262009028690553
1.1541420191457896
2.374011810876334
2.6806750743333536
2.9876119025342587
2.2389464395588163
3.099273155685236
0.9546461679547358
3.18108867685403
2.9601729890069137
2.3060278270081507
0.1469772399724616
2.3415768570683886
2.872027647543725
0.5385972639651859
1.5264994731452695
1.478637248549246
2.162143539947056
1.5421844090242662
3.634250271578137
0.0019599204590878827
0.691995315994526
1.226752063865883
2.9951751575921
0.02363450841753334
1.3503998024935897
0.6990910057708293
3.1343738850967218
1.0452167584510157
2.858144015172804
1.8470907794775515
3.911289605828342
3.712682466978138
3.149761095678911
0.9568970497376497
0.9240731878637112
3.0854740815817907
2.598005508144276
2.1765202680516205
0.4671713488611844
0.8627355511718378
1.7658054428589613
1.7315955753500454
0.4982776578174759
0.9346475820378961
3.7935397296769833
0.9989539965094507
0.38364955989767946
2.9149228110860537
3.2481271612996947
2.539338197803768
1.9763953575922741
3.470034698718889
0.7833505242081453
2.8614945864697368
2.5425341101954277
3.663536279444537
2.9211749827832225
0.08893824664784322
1.6987436441112265
1.1626679798365611
1.5777507803621575
0.7342280780307053
2.9265013150682444
1.5019729837773435
3.7731875314186154
3.6645095972318864
2.607210874572727
3.4942984024401804
2.2940343727470744
0.8220774905448613
1.6512741817238021
2.775605039827262
0.17645666772182622
3.6732822782596197
1.2245264459742997
3.075833003801967
3.5466293908700623
1.7120654337672145
2.9950627485807146
1.2016230025570653
3.9749647470943033
3.3819079765246993
2.4763566566914994
0.9640215030042918
0.9156144786226634
2.0489688047192853
1.3918846950671173
2.113046206657704
1.918221088348779
1.0449679322089938
0.9433388016740087
0.11822730792401259
2.481141768606767
3.97818109476581
0.2211190661604463
0.7299817754694722
3.163225647991513
1.5104887119816932
2.1920476316611417
1.2859632760100683
1.7229333948085968
0.016840356471071516
2.135009925289058
2.228522187848593
3.876520832459128
3.17323473641472
3.650418109947189
3.588953477699988
2.477132810197843
0.35846948116836197
0.5199746266485361
3.6069649940323556
2.6748627337130073
2.3763285791863464
3.7213811340424403
1.8297581611926037
1.1509062269623538
3.0420648531062793
1.190359300294063
1.484897624929931
0.6253939008855003
1.5069773264009934
3.7684758800425016
3.2897748254014805
2.093280841247442
1.1754726178966886
2.739579697685845
0.17261111367690996
0.7846904637878711
3.311699591562504
1.1614721635304304
2.1209928386874966
1.1857142820494935
2.6330513157355333
2.6450859305479852
3.183673796397245
0.359392413925228
2.7743761169157453
2.6107818532306806
3.8044180212865437
2.0983737650539678
0.010490433142908095
3.9436520619117776
0.24465473658198666
1.8145759309278233
0.770968220070888
0.9972008101506922
2.3165507353190398
1.3689507860259456
3.3728030099297404
1.6275937316179268
1.9034460125117363
1.162107218193149
1.8943064531229994
0.7528978471906531
3.8700209542412747
0.22100970639484308
0.5769152663529926
0.029307112094271393
3.297981228552854
1.144770111019855
2.146226970224759
0.1869064103460225
3.473022766241415
3.6004302145143185
1.7028853138831939
3.7362184557268128
0.33173217641162545
2.674933143157403
2.0649168584142736
3.216256470845358
0.8064357654610155
0.3850988598924743
1.729252767395224
1.788170925037711
3.8094235797684197
3.0471249668534397
1.6614061223722651
3.336798331292392
0.29405949745686
2.8430137481250015
1.8817495616172581
0.20277271415898745
1.4388566734914776
0.3478791160265562
0.5736522521216174
2.498319672927375
2.2709630866885835
2.435208004019013
2.9824097878792473
2.483564802795371
0.7042980034756328
3.4917444280239835
2.1682280045967413
2.8235324918324842
0.7423968103632106
3.7003275101532624
0.7075302024371304
2.153427341159599
2.4884963960680753
3.3681430939929915
0.3855605932537527
3.0765863786039294
0.7130680248032641
0.8960539813768733
0.8813472367435771
1.793310128009276
2.146835227049788
0.9194033804607828
3.8897423582044097
0.008769709698104311
2.283839174208072
3.3535937706639327
2.4847995392021622
3.0721598909635386
2.4431593792926036
2.6916574159254756
0.7395897201345978
0.24903723355968577
1.2927339232937087
0.15300259204484679
3.966917820815823
3.242096991214448
0.0028941943878324494
2.689201788012345
3.9431854465392444
2.1863773177749217
1.6082753757178456
0.9283762848162249
2.8438584174381214
2.0158447789624083
1.0806209416965413
2.723770867610573
1.5228031783647418
0.6033285774794233
0.689214231480689
1.4125886068227382
3.694119917672275
2.2167747904938384
3.0574439778318787
3.8594563910687234
2.9737400393986793
0.9575634845464518
0.5626869797151839
2.658698601842936
1.5139312918192571
2.1421644088331173
3.1926912161920833
1.3534355318001476
2.322852141582023
3.2556880760371656
0.27999736719541035
1.0999975353027032
0.6898005564318974
0.9778780240747986
1.197405870095431
0.4514539712598302
0.05974666299406817
3.214885170735812
1.849407044888613
2.165685255529393
3.103725720789961
1.625475936799436
2.4331437391585853
0.9158310196173258
2.528795849435942
0.48653487227474157
3.334745086135235
1.5982801087023852
1.8802032052347744
0.9865337891749761
0.11055533291886865
2.408840665156404
2.884897147789715
2.523551477369277
3.74239898934024
1.3653027460231568
1.2697238071300156
3.5239342978080885
1.7381246295985138
0.3493209206942276
0.06059439148471535
1.3353802202804523
2.559301052193326
0.8912509095904695
2.2549571145362046
1.7984856387764774
3.443166887466559
2.970343207405456
1.1382089777601032
0.3756274728394877
2.225113113510386
0.7904597993500309
3.4692732746854142
3.4799354519374193
3.7721329757796864
1.5070947042715526
0.38059670147285374
2.283951568514193
2.782490201853197
3.343811594451349
2.721968803873273
2.770743760022258
0.1432683510714674
3.1081327013443625
1.6673624388486838
1.9414583098158391
2.63269625554703
2.2087212635131652
1.9855954533234486
2.355794172097846
2.1221911865242196
2.211649150616461
1.9349836997050844
2.732334228480924
0.29072372591876716
2.9243447375532874
2.4752177618109377
0.4038491388431993
1.2458619363259107
1.4467629616978357
2.060253888853599
0.6297688022117289
1.563904905464757
1.1027959194460055
2.0000587190874595
1.2603844306265297
1.5312570735395208
2.274647625029802
0.6408345135549789
2.688002607413954
0.8786425055421034
0.2700554995568605
3.3620969297083985
3.159927532219387
2.905632065988118
2.9029083324442295
1.1592974559378
3.453261566301369
0.24834007660715418
0.23766374796510448
0.2625061724629174
1.5421338542965204
2.620245821679717
2.961164659098078
0.8749300308729557
3.0771428741461597
2.130961894177553
3.8503616634909683
0.11857043827584501
0.5045069249197489
3.8482489311619514
3.8214230243682707
1.8313911252766917
0.6859770269854311
2.16286566615742
1.8851739890745636
2.4257940679627574
1.2816850243992497
0.4820362089878798
1.063598580828855
2.4092166467034337
3.011585704832404
3.8612535519906737
2.745396835272706
1.1752213908258553
0.9089258163145582
0.4077155744487122
0.4692188174287222
0.09603253537161116
1.735468947314362
1.4001368947527673
2.027857549181866
1.4286212943904117
1.9773057295412655
3.8260540915801498
3.5723717448381955
2.4993225056990953
1.6191726703825617
3.392519449123635
0.5849623956036578
2.7737410713435633
3.2991042765883414
1.887469065499062
3.1504951181863854
0.7523491806793832
2.894260528501398
3.854492423325885
3.940007063701581
0.8252727811763361
3.3806761062703456
2.8445821950151315
0.23446559956938806
3.816105944223785
1.4222646739105653
3.6039074273618983
2.998978082077067
3.946001614382458
1.893915786095913
1.2377429844369363
2.71863699031712
3.8676695217354506
2.237087306398927
1.5137189384752219
1.3111541262106168
2.6137714566163646
1.8567297123850537
3.417241819876504
1.4250275327417432
0.20305683744909064
0.21809709154214563
0.2893537897152818
3.5250514296903996
3.6629032534282624
2.2906604150244982
0.2549108429507303
2.959488569762653
1.0352328987062909
3.2284918803076983
1.2131942748259288
3.884235407864435
0.6663219709210044
0.3998678982878552
1.1298983589752725
1.3343090574884267
3.062871302836624
1.1710058317235412
0.47151652952258916
1.540676041472154
3.047597093332457
1.585184407060432
3.7254164762169717
0.8443544606473425
1.5016897334274852
2.9489481595607807
2.799100690579825
2.5715022078894636
3.5168401207901567
2.7421651886171676
2.758335436390236
0.8701912822601452
3.4590684001061125
3.2709030526750755
3.784123094537291
0.509430678857135
2.7791168098599823
3.5206613033788927
1.072634236238382
1.1554319279296013
0.3696939435875435
3.539243314768692
1.072398247445924
0.7025302199011665
3.620951445503824
3.112089056317066
2.475456309996084
3.411363592504603
0.9420493641680769
3.7241921069737463
1.8322357948104084
0.6429954923426382
2.1713415768141604
1.159788610403591
1.1882782942139851
3.39476140619498
0.6692135629666169
2.277320126190519
1.9735651975238553
3.7291681302476882
0.6792726305269157
0.9443885331695414
2.2593077204357233
0.5775630642818799
1.4688014067934319
1.9241176137394356
3.8283640595497266
1.7264026528749912
1.453820068190586
1.4430384532280565
1.7837365537076404
0.2156007647317142
0.1025638327287437
1.7043074658000084
2.053604783786283
2.2785052909711263
0.8426545014943696
0.01293406135321451
2.3847033697052447
0.10096436330398983
0.40925006736746816
0.49778339167928864
2.8182309477835115
2.160531675845718
1.5461510590514425
0.6393970296856946
2.0023130026530493
3.088720882194967
0.8432823932435114
0.40598870007718046
1.2277873363686815
0.745911075015059
2.827812923128324
1.848693862729128
1.9408500092540697
0.09123812909955031
0.1471398503232808
1.4359249427064409
1.4090335576498303
1.4277705525156263
3.2304151664572003
3.195365724117939
0.9053056656569596
1.1373509167614935
0.23166201927384478
3.0608323131331514
2.4093329126873964
2.476159743674145
1.4184833534699184
0.19907567230153456
2.962169590203877
1.5863339360191362
1.4300048094442337
1.1507896626142693
0.1964746548922025
2.7496536143731958
3.726103469647554
2.2922039921238935
0.39991793976757206
2.669237136326936
1.0106989112737907
1.6772870445078878
3.7028028538651734
3.9921039813380332
3.9747761619506896
0.8514762613311868
3.9009157834815245
2.0424816746687227
0.9871848192562229
1.6331732021695635
3.6988065664460836
1.5097201347987745
1.9356003372676875
3.5081693271227543
2.08983037100043
2.4776660248527875
1.339888522728145
2.928195470621212
0.4524670172275722
1.2362773120957677
3.8491247308684176
2.4448087549618114
2.368870776477397
1.5989116425053083
0.2819145647864758
1.2126641780950655
2.479108701699789
3.2058520368295067
1.9210823720767807
0.5454011357726305
2.478126704261108
2.0976660159738834
0.32041406440379694
3.4695989330302064
2.632164561939558
3.5596965743132354
1.1745133179189873
3.9535285393192963
1.5839317992021198
0.4342577520516704
3.0681972726307905
3.123423239635929
2.4727291974023826
1.7229458204891546
0.8495634960944103
1.6751426417868074
2.090963975046253
2.276351562173168
1.4139045312670881
1.4546408345626767
1.190174842566952
3.5338130546512434
0.6184432381841045
3.749231942571809
0.9807950191871333
3.793144485926279
0.6653953461510871
2.474083281718306
1.3001366578316276
3.8747565056268125
1.9111007093194647
3.189059299034137
1.7006460270545403
0.18780364640847402
3.8350262322729463
2.947370986748831
3.847653585045004
3.8614564416452115
1.4648678985080985
0.9381710134169521
2.5863003723783264
0.29460902391939836
3.6269885616910624
0.06414062971802847
1.0799488078963462
2.510926048611341
2.6499727085269336
1.3538763594078347
1.7705908404656014
1.7984777898062196
2.6217017432484306
1.2691077533003923
1.1655526664232605
1.8094714249228536
0.8159586700750903
0.8488549194926787
0.27684438104286446
0.38391005184487303
3.576880576805567
2.170151118311224
3.1120592391733415
3.37878794038413
3.224177128951703
3.3328124468963876
3.752339918604662
3.1711169903172043
2.7329691157901257
3.584285172116679
2.3292199883965656
1.8990118923806225
3.1388760319888545
1.069222580235997
1.8601289660335243
3.956847273771658
0.6083504774013013
0.34089347614610643
2.0777239025042054
0.36895661908553423
3.9084607393884947
2.0184108997366854
0.8200931119274952
2.4896364394197175
1.901761093857274
1.9051807760124904
3.7907680357886244
1.6284850906942272
1.7186551349886532
1.8734959193672238
2.79658702421154
1.551021038518336
2.288507463729007
3.932711512202416
0.9220440997760115
2.713616925290824
1.9014902393690192
1.4357197476332262
2.557463220964703
0.036865031095704826
2.2274179482387684
3.778151461163394
0.464152626221614
1.1208988571621141
0.45747703495177294
2.845447920619209
2.219876254766134
3.479485013104007
2.761046674426386
3.379349659239056
2.111050496732393
1.2838266999339574
1.2087663047604873
3.9895331992269907
3.177667455023813
0.5012699254053885
1.7743603741649259
2.563621908166598
0.7855855283280704
1.1963052884053686
3.4000894306959313
3.3520471555795193
3.8494284892964368
2.124637514585937
2.6109949229842964
0.7130700605893354
0.07610089310095836
1.0704898269156282
3.5409668948112145
2.108102780396635
3.0587443776092567
0.031012211192959604
1.1182041247807666
0.1661233898236052
1.3225289267420695
0.14185572176934702
3.384154405438828
1.3619148138069637
3.0625979099461462
3.460592721475237
1.421624644831379
1.8680007172690862
1.0902651765837228
1.9634713908091195
0.09631376631988653
3.5383520529487185
3.537101901230779
1.7364000247962261
0.4882441042238477
0.3674513890074662
3.3844161069679224
2.5380687101919257
1.7930848034321762
2.2290383680444563
0.8609404657774067
2.000805923386086
1.6798662618088485
2.612098994709042
1.5438393047162733
2.020429005797201
1.0073617924087834
0.4254871829552811
2.719375594825061
3.6303668772744655
3.9232845532056673
3.873549022956307
3.8760096771482155
1.3366700981623563
3.2283214435815695
0.26929047815008156
3.461997882002005
2.096617763795092
0.04549687770083288
1.2836311607257436
0.230118865562007
3.980352632659814
2.2908469330992127
1.4313025190851771
2.1613939398081383
0.49486681038896485
1.724206846808214
3.008857388663263
1.4293379554221297
0.718879502347241
1.345817372867022
0.5025622676703967
2.2674970484977606
3.6478618546283004
0.4965882709218783
1.1289928816592325
1.4623337717635652
0.8246126051915796
3.897146391742921
2.3776934212539027
3.3604460657919
1.2638575363535387
3.721839482197687
3.313313733683626
0.21090466906706107
0.2652843556502935
0.717926882795521
1.8523732139975717
1.3771480603197617
0.4843663819584392
0.2723428148174718
1.682134660329735
2.443906477235569
2.420080533438881
3.0927961455210506
3.9069758987948577
0.7862980064538325
3.293483811781978
1.9639635019167514
3.978522288814881
3.030843643803176
1.927219635260737
3.1563822689926546
0.08249991151248626
3.261919816427709
3.073534781356981
0.48237006258586224
1.9480876341469089
3.0563699651175864
0.6840477616580909
2.555669256731673
2.7402175837343448
1.2882414620420382
3.991889576490615
1.8693506242021871
0.7267124111390979
2.6831203121784237
1.3090879693283548
3.719519819845616
0.7582510677916674
3.2415098972723118
2.410593414791839
1.063118771567296
1.046507993869795
1.7289278701594992
2.4398907412874413
0.7312789062745368
3.7470118332076274
2.714958121692841
2.782496655309909
2.842335508391886
3.38783853388045
1.7712493773697622
1.9173935105250202
3.716740229983455
3.671326603980681
1.5304755052779013
1.005353187666977
1.211168355272446
2.945257613685572
2.0034707934009846
3.039520196351433
3.6196823868370642
0.8782270891521167
1.4523758025468467
1.6221329191003178
0.28520699006368666
3.777310947098535
1.7180437178559798
0.8359131265303206
1.7579928049521216
0.04029580584767478
1.5178539033446787
1.318835890861278
2.611448574103679
1.4141346561729309
1.0463493313368368
3.620225123355353
3.6886415450603134
3.6837867949268785
0.5013700456469428
1.0271050667572434
1.6183247135128211
1.4660114779317022
3.42151319119375
0.012180659468818522
0.6562780471790095
3.2482760546033806
0.5568912057780011
0.9463191652422069
2.6863902539385043
0.4216832222013016
3.7025244997689133
3.3436876530436015
3.7337023668356153
0.9487034527888363
0.5537748859992302
0.4745936343071473
2.1453882138168243
3.628966712092702
1.1790410147550907
1.1637499300591
3.991724402555204
2.859153952322809
2.212483414200297
0.3457518183945245
0.19210062123745164
2.5970148583680057
2.088927493486017
0.3982971876663117
0.22038027668917604
0.3783535936603202
0.6866385046638688
2.374626684064195
2.7373351613823553
1.0198804961547414
3.2132978813315263
1.3949591407508146
1.8873466859160182
1.5302835435796625
2.646865682551751
1.2033586369535274
3.4654913852848517
0.6384620747743259
2.554105789585526
1.4464043334509067
1.723539160445346
3.3233425268862593
2.184418070981415
1.6902607095196625
3.3556634315984595
0.5708885665240748
0.8951787511797811
0.65852839271541
1.4175501775161243
2.0293461875506917
3.732149075435019
2.652773933531851
0.6701847886474503
3.1402595761191296
0.735208379215758
1.9229667612623564
0.990720786594919
3.562939925537987
3.441304747491686
3.910122573080772
2.173652803551007
2.2382277438905938
3.1908394500437165
3.8888389161942563
3.1724201014243576
0.11559751234382665
1.9449205130023932
3.4965995283716684
1.4414535576228809
3.2987910540658625
3.6456522675952363
1.6404288406400291
1.1837801227011622
3.825672237229999
3.644684656507224
3.0694466195255856
0.47745974789331846
0.7243071643921075
0.2220730329962386
3.8212214552989234
1.8140555517279306
1.5982755712520125
3.2202482803563477
3.394582181262262
0.6787769697053889
1.4281389321372302
3.575447095127473
3.7826654129086816
2.9063697363632537
0.7919227095908452
1.0701636699249093
1.4371404734418487
3.68636168656296
3.073524910136383
3.171749643787929
3.8632925331832775
0.10277256773433052
1.4488191278318054
3.3191794277978044
0.43941730137851964
2.408612631430696
1.866465603254627
1.4444171594505666
0.4116736925637978
2.0592205949793088
1.6114071751622632
0.7856109216353442
1.7001771339167857
1.6513554973381503
1.0416898317290704
3.892918629247826
2.576325845271002
3.8177445040085525
1.418900816220821
1.8863182907973024
3.787633119557601
2.208143550710341
2.130141636360678
1.2260315350104816
2.566517685174965
0.19415740422991412
2.5934265077497085
1.8433051137265641
3.5451538842971764
2.8821975806993154
3.2159671977693183
1.8143367610004866
0.13673232953961456
3.726923005262779
0.3412245348882763
2.044987618894876
0.7780201438334258
3.4259760052528407
0.830488774148129
2.044562563499427
2.04247153008509
1.623076035913643
0.8422702950110863
0.6679650163237705
1.268130644612274
1.2553653326759284
2.6107502260863162
1.4939781201345643
0.7055997084021115
3.3916440778310264
2.3653570574566185
0.9381591192484011
3.3827635507689005
0.17845648819802307
0.48294419287828294
2.551725458750367
3.9419461236891182
0.7077057574924988
0.013435876862238239
3.2165785125332906
3.7163598312285675
3.0237821391566513
3.5962284286253503
1.1991968407379399
2.5970551727540605
3.4918470537631237
0.5057870775852407
1.9187090364579409
0.3339628652534574
3.9457677467793153
0.9072315213936561
3.602117018463512
3.382165639415621
2.434021962925353
3.9957548017081588
2.415034335024917
1.8404945923336133
1.1110267749022467
2.299557499570103
0.12454185320196309
2.6210750573459123
1.642836275168846
0.3477781859388287
2.8569212074265975
2.366105444606516
1.8036801543429974
2.590659980573247
1.6831677021989169
0.2550230511667495
2.7097775743714427
1.7908248797506792
0.7149645995282463
3.9322857281256316
2.6269463990211666
0.0816504814850103
3.469573678333919
1.7954360445478703
0.4781300739592811
1.3332657333484295
2.307194182954411
0.6815878586060702
0.7086128965711591
3.00199819556576
2.6848812875568866
1.1460591591897398
3.654461128737761
0.5201321211168404
2.2937947261660607
1.6777625332848096
1.7602003045414052
1.2635798942468073
2.724520215380816
1.9318202796699344
1.456761592293954
1.8531403778628075
1.1986750037284843
0.6683858295244702
2.549245991734976
0.5152451523681227
1.7654135732041123
1.622098548083438
3.4562335001498483
1.1399977238138632
2.7263277324245525
2.7176292325087847
2.1650602308849747
1.352187209644201
0.5333465856236219
1.467517517694246
0.8704051286728198
0.5381264459361188
2.4332295949257974
1.3608272800475656
2.2125544604158023
0.960019539115768
3.861768154144281
0.8473674442598016
2.5999199808341977
3.872963794561718
1.4933651644410992
1.7069191479802726
1.495807376956059
0.5134917608627165
3.8443986766413953
2.973191543397406
3.12305488500252
3.4497041177508176
3.4263533020011727
3.7719229231626
0.6456050541013321
3.5502463168543907
0.893314911031879
3.5853707374811834
1.4353925474455624
0.40553922352694327
3.3652161992936334
3.6570411891600485
0.20798293113687238
3.3719741479462186
3.1370424279011697
0.4459883178846953
3.059505663804473
3.2517497507492936
2.7729117847008777
0.5196723032573152
1.4132745647590959
0.08135223079816489
0.7720049567286895
2.6737593344154384
2.0594965808584274
3.1948402569922574
0.21938240415977495
0.3009764061823299
3.0315032581145647
1.4573259915673495
1.920720481118566
2.330901111155312
0.6551147181184453
0.22524182883788058
2.2734192563142406
1.8082822515852484
2.0490356028640972
2.2540144617086515
1.8656120258799564
0.6804144853808785
2.753899417082828
0.3587657182558197
0.27911762675666507
2.1873946677327427
3.6075707397254604
0.598837463220522
1.6119244210092498
2.606990574706808
0.4156545318648681
1.148580987307565
0.8403370398303092
2.6270087773884914
0.7303786313897689
3.149221037746174
1.0745238463771187
2.3845942977097616
0.9016365052793089
2.48800275108882
1.2530826213532715
1.7815711363648385
2.5939537989376826
0.9619310316129064
2.486440869370628
0.8186172850253453
1.0965063440716207
2.3603398390408965
3.3035170666889133
0.7683508194913342
2.2352411891616493
1.894831951648046
2.515686805024823
1.0762826498838893
2.307410358242901
3.9884368026334944
2.8446721532019428
3.714087589078334
0.21112936321016074
2.552540200389392
0.7875749606314497
0.8463760231355453
0.09114960237610337
0.2792591728067677
1.321451208713111
0.31250512246580575
0.38179505051007556
0.830575188406534
0.3705724952805367
3.725271703685719
2.6099791039112676
3.7381700489645024
2.7627958743333045
3.7996999798669724
1.7300279295526546
0.037241197137701576
3.7676564782669355
3.5652930762376607
3.2370660302458107
3.007380273679625
0.275629488264594
0.5307137714458849
3.136017927795775
1.4184047366118828
1.1261228125272567
1.092119492659842
0.13607206215092127
2.5204280686345992
3.177321029341299
3.518878108769067
2.7936557748934496
1.2728923089915822
0.817005954265758
1.4902924623705123
3.8048400247003484
0.47218207898831777
0.8156436044960951
3.1721608860269725
3.5853097304310073
1.6314354874653327
3.1246898602367095
2.754330997785205
1.8079940564506507
1.2263609928762307
2.7626873850659064
0.007253120206897723
2.1284385126319325
3.9350090919930953
2.5107104557337716
3.9304080196234765
1.8010914229083297
2.6332778862623667
0.5928045700385889
2.0456200179555326
3.174175442714555
1.176086911921745
3.4996552911796996
1.816614485981749
3.1203401957005386
3.7916956218550157
2.792544418704784
2.5447417009633324
1.2261927903584215
0.24071697924296664
3.1216408517140706
3.530046448488827
2.5807971561109126
3.072846870724772
1.122404910346888
3.2584428256213442
1.9060218882589348
3.747655827426026
1.55067115999046
2.24032267775679
2.1024110125058586
0.9364471605177993
2.13948912528734
1.7163452216298691
0.45691853900750434
0.30934773933922477
3.2650884478289792
1.6289902504902667
0.8041781862431523
2.7976655323278927
3.4093135427751613
3.2686518908416415
0.7806853368671276
0.6747106184670089
3.3715968669151337
0.3650817687064478
1.5206630751507273
2.4959080192192173
2.186379580997301
1.0401619533183237
2.355848430130707
1.3726929851147784
3.705622873697529
2.65778155350103
3.000848286403635
3.649876918549811
2.7955364963038924
1.7498425395444004
2.1420866666493574
2.630385689246154
2.5463291599174362
1.2286610308071357
3.919477398389401
0.0833929295900373
0.5920775810728558
1.9801324695561702
1.7243681028691422
1.6579842618813645
0.7450767832071472
0.9959532978434695
2.5004958893866998
3.423584308695668
1.1810970142564492
1.7396683590128292
1.0001584722929615
3.75389914968738
3.975845004203764
3.7149738661837386
3.6183923306426946
1.233538923729844
3.043589511176404
0.2801967499311613
0.7016503081154557
0.4742257692264298
2.256753012191464
1.2902740173580587
1.526720131587882
2.516312215716735
3.1579031102239155
0.6802707511085666
2.85012079779715
1.574973958195856
0.6944784990511219
2.134069748841584
1.947461185968692
0.8739055410304504
1.5870573206257719
3.218094426128063
2.46740900441959
2.8698821321098813
3.0164165588862506
3.5786663523449667
0.17194125417715567
1.7291280555471755
0.46407755740271117
3.273961695569688
2.043623410437615
2.075177272141162
0.7709917863940494
2.518059050727333
2.3145253197965086
3.660390754923869
2.509888361556041
3.8566095490216745
0.13385438480355294
2.2121941810036057
0.8735135300204258
0.9211220362384229
2.5668149340412514
2.43476089232869
3.6113686965494245
2.4243847520537147
3.867372357722614
2.9991466524380854
1.9547043821978618
1.0241904751851707
1.4202950351726153
1.1601368392169307
1.8614351584968611
1.6085849307695304
2.240760639167067
1.6596881561743402
0.36651923443491885
0.3854229619442089
1.6544955227875446
1.1486176783857944
0.3818236794642482
3.0057499940561576
2.08850880165435
3.4658988745985977
0.5345191277191543
2.8934995837254016
3.678402555034358
3.001183832789763
2.2958000131002825
0.28981238645837726
2.6357213634906858
0.8516221682500715
1.3016747668917392
1.58296152896152
3.362972328768308
1.6228732908737582
2.0021595642160492
2.664933152205029
2.7954059715734383
3.060673845778686
3.058713296091137
0.5777195856806365
1.0407725499633425
1.5598454365063645
2.5180842836399595
0.8378941414540026
2.7347215223107644
3.250700204132227
3.407240993292638
0.8887634121646517
2.7423555058516973
1.1726405618446556
3.0365593492558927
0.37600329194920157
3.2339818474916506
1.061970933250283
1.1325246976952488
2.2518345118411567
0.8655305211386968
1.120623855835122
0.3623265638872981
3.1715402133705566
0.9786657542600254
3.9460897093098373
2.303685310497873
2.0131200101835067
0.5952092092819732
3.2721197032731277
2.3012504443786015
1.6972153200413196
2.6111904444192238
3.956394408025285
2.3379265972667143
1.7409181407031142
0.11091297144963486
0.18443554375546878
1.8759198462871325
2.882015742022594
2.9399521886241526
3.591888563656595
3.654469418282442
0.09724410762182734
2.1049317983923936
2.7078930616489165
2.0913226248886287
0.9334004165740031
1.5146705740083415
2.576330661518412
2.0441097546265397
3.880594740757575
3.4357617591674647
2.0600874900607016
1.8225241876988005
3.0514352774115014
0.22693840709520607
3.3574183883807684
0.9455699654748435
1.3776564090473093
2.443440280432935
1.9381577908512457
1.9044295076015696
2.513848451712601
0.7912041277326827
0.22589972467900044
0.31031054212668563
0.11146568528309198
3.212277447399318
3.0612802868307383
2.424368713423899
0.14615158678326834
1.6794203479662926
0.340056239712613
1.9419446852741564
0.5937398906017965
3.855228237231181
2.6002394450616597
2.7739859506709297
2.483421460261987
2.368727707186629
3.7140522775997997
2.194323432953266
0.21539323876884797
1.306990325297304
0.025012204438705332
2.125590461987696
0.33095195018002244
0.5411091229170704
1.5837432487112055
3.4731192429324564
1.699148609867453
0.11537882442239145
2.196227299150875
1.8579835060527277
1.713228754511663
1.524657744250892
0.29744532147739955
0.19797915429338842
0.9698387716925065
1.2583206237390345
2.736276768373987
1.9487496815386058
0.8185784775360245
1.5908395763818612
1.7209927478964242
3.8596321843219705
0.6652787565294718
1.3666659493881759
3.995080680121126
0.807050384402995
3.6327375795409744
2.8293157408702396
0.400554317517928
3.2233632388491067
1.7695382949791143
1.862025625055828
3.2020492420703297
0.5094408433463484
3.7689809757093604
3.6908430237205865
2.992907091434102
0.16421174813656236
2.2335624397932023
3.8600268538221334
0.6217190270826514
1.3745813311973625
2.1678367265536904
3.8024732037724127
0.38369819523336135
2.6388903020123187
0.3173477036864578
0.5527056435953779
2.608524508696738
1.4777476988511604
2.131453571441867
0.06044463366497643
1.1243243187578371
3.879523391688902
2.9326195937671233
3.7017354784236343
3.0294840807665575
3.2542005813734547
1.405258615406583
3.5522499802472502
1.9203195292853277
1.4959538457459822
3.8273507251126797
0.11305619827448776
2.69242780937705
1.1713509437885286
2.0916822262010606
3.5899169846529633
3.2364858006022854
2.3884444328508225
3.0793362242951767
0.7042767052655186
2.0760534461077045
2.945077399159604
2.330483931289502
1.809682102502943
1.8337705924176202
2.5512621768802464
1.681748546038012
0.5715393947132688
0.8543804736791016
3.9115571611953417
3.9659404390145916
0.08866381341278418
3.918603760957011
2.514563512358124
0.5667625093054811
1.4413535768765637
3.3145637419181897
1.5551618171562205
3.1334943829820565
0.7210875614964403
2.0505869803439927
1.6601134452456368
1.631923306043543
3.774414520890464
3.069337946904438
1.447708900563565
3.0043280464894973
3.838611685620167
3.7746342910308934
2.4986272175055633
3.0608617178029336
3.260451108796136
3.0144080647663833
2.2761000104922116
2.574040135268705
3.050464171841256
2.448504300927743
2.9495329057286552
1.587694703954487
1.0612492090546959
0.7514878196679908
1.3606387850973642
3.1688154563993347
1.5862613954227447
3.3684271353105606
0.0973904098057834
0.19520734828045105
1.1219323149098415
0.7728369124309555
3.011368671024986
0.09643540808830808
3.8186000757771112
3.3966275734011195
1.0962970144620838
0.1717330650130786
1.757675125143864
2.153001069968895
3.431258502797992
1.2292520803290534
1.8857808971799481
2.5334247883999392
2.521314418162703
3.950046605215183
2.842776092721124
0.8955138119989456
0.7170394299984597
0.15349747833825278
2.0658617584045076
0.12172382572940554
2.6988366977147096
0.2400791898119743
3.5113477301406038
2.42123836363604
2.685680079696499
3.447807524942057
0.024369711298603658
1.0242030467018095
3.260079634087007
3.224870627954382
2.5932515654714696
2.3734595416001447
0.20794754628815637
2.8706979688643526
1.1304942837361285
3.5380084455227965
2.650028338695879
2.872293392035925
1.4230253091462188
2.203539353811117
0.5581986180345457
1.0667525903478103
0.9664855523587934
3.025672481932025
1.9304997770719083
2.98514347536332
1.7334016525850933
3.7565554015290257
0.9422258055127042
0.7859991841888392
0.21500049221190354
1.1134867637515877
3.407514827727509
2.839922005172662
2.703196461489153
3.1537576589368452
1.822629721877969
2.8535473906397213
3.7916389664039674
2.491431462362288
0.10449240480358846
0.0470276389123363
2.206321947267999
2.6052602329922943
3.974329738669026
0.29411409698233193
3.0265724778183745
0.22784500814510178
3.8870135921849216
0.46573873239317765
3.2665640890062506
1.4782237634947362
0.5514955515530446
3.0469866347051164
0.39363500814511765
0.2955935341270357
1.4852220332832262
0.47172438243424564
3.830336872065084
2.940722923945937
1.4213438918755705
3.987655982570857
3.1832462380359434
2.242861171690247
1.0390449885824555
2.983884052234654
1.2751203127952295
1.605303098210955
3.2617250111848435
3.146354610289661
0.5109232846922316
3.0961471561349465
3.124288219471691
0.5252975507841637
1.7143411200407215
0.07478069309560587
0.11420935132398302
2.9366134445584278
0.9262880880302449
3.6255926762420296
1.4635193188760116
1.2444619363130687
1.2187182708923228
1.6802935294941461
0.10029752508596612
3.0602488882119543
3.169119843838895
2.764291352192877
1.6187763019014252
0.9028027809940231
1.7748942886840724
1.0930897361787313
3.5981985335782736
0.8176820276305135
1.8731910363418947
2.5924799643729117
0.5597080844753126
1.840961824545809
3.3190300591257973
3.4493080017814735
0.1603635649709294
2.738840145958442
2.853392551432213
0.01626751397394921
1.4143466329921854
1.6453363661668305
1.3124610929137992
0.8324195390023856
1.1881957350518775
2.779469781090535
1.4750000023680347
1.161492544778544
1.0853684779924029
0.9293981945759007
0.6344605297967543
2.3103767141049185
2.4558665539830264
3.2792182459653074
0.532478360720027
2.4932305687957967
3.1066327151851887
3.7871239479428453
1.1308571930671452
0.8585267755036425
3.2568518141115645
1.2440615556985208
2.113435985878986
3.6656232569978866
0.8966195351611321
3.76487800264151
0.8599196110549441
3.455745797752872
3.9440000237717707
2.689427680501162
0.9981962511809748
2.6331286579295146
2.852831249968119
2.5001366880820246
3.8886443769688332
1.659299333251576
0.07141226920482202
1.0336314414896925
1.8869318412646816
0.8186284937486983
3.1433474544285676
3.779515874655886
3.8265106255130816
2.0666198737978787
2.4940463902430006
3.474320448847343
1.662166073831116
1.8869694683377145
2.5107686502532247
1.6819652035461066
2.472650255381321
2.240559854597089
1.701513884616046
2.21615311015981
1.615631258623698
1.0096370309166032
1.80802685264212
1.03192896960187
3.349663189121998
1.6146866414582233
2.112878586798725
3.876711817193706
0.22458381065181632
2.792117642236098
2.905701716573026
2.1576835311931952
2.1071363894963264
0.1762478561417149
1.963152103002348
1.846327833003072
1.3221563688638893
1.748529909107901
2.7079494181716894
2.186178796275445
1.4304657924926687
1.7512805831840872
1.5745231385042198
1.0353360447770554
3.5044517978366883
3.9494159677829335
3.6121002880593194
2.015837756379871
2.432734627143018
0.23850256928500313
3.744233952138512
1.3606000588183504
3.8457825304966544
2.66131931174097
0.9865396696906359
3.22144545886702
3.58316329009009
2.6680989639796846
3.3963897805027066
1.5813044436613835
1.8595960871492916
1.1887364174300137
3.413620297181375
1.2860516980968257
3.7157724106677916
1.9028529021098866
1.5658662628033304
1.8580303845278539
1.036043875831823
3.1521412185728033
2.7644686012335025
1.9993837152974505
0.48380850616782256
1.228200666794066
2.263810597362161
1.1130644698621301
2.0163360783739512
0.24307578240938943
2.681343464561357
1.3812887219266856
3.6946435217680107
0.9251081955777338
1.0325420867769393
2.2929686069469497
3.240101800015104
2.9910817748696585
1.111399497590932
0.8931112703279869
0.9593084708314326
3.046896032781237
0.9557471542190759
1.9243043716312913
1.0199146358672628
3.9882550292161345
1.561561799684299
3.4667780191053787
2.126951786706425
2.8668129873871147
1.5466003065297191
1.2583620632229349
0.662959191788095
1.7952124027811798
0.11616671055649208
3.69537466287156
1.5972766123217785
0.474495903392417
3.4109307912927846
3.6971558885717433
3.333951704437846
3.183309886349009
3.096151932071252
0.17654159537479996
3.19910862904916
1.8203377947856834
3.7863149164369214
1.280778574977921
2.3443898099774505
3.5552919628145654
0.5647810093380818
0.7251840183329787
1.5460916302311145
0.37971835607731785
3.0210085266671207
3.894160891441965
2.276507918118556
2.8948654860206515
3.737129022362681
2.4016656659500577
2.1398847323171846
3.096875332991411
3.9482598011571994
1.175710580416967
0.9106783325353112
3.819659270604662
2.3511449812754703
2.789172449819202
3.1643916990784287
1.3822917086186512
3.006199349298113
0.1849330478997553
2.8954111552500668
2.145397992015979
1.1424219748792357
2.0841277552393347
1.0581366797159109
1.273178639134764
0.056607689046727305
3.880241116307078
3.4255039233806124
2.8553561743801796
3.360828418208021
1.8438634060109709
0.9743029679667452
1.5757795735729632
0.6578568544185921
1.6594077636555724
1.2000203254935493
0.4500923756782451
3.1366675041464056
2.9558527019701946
0.46816034640998216
2.55102204414374
1.4861687979874625
2.9765560807568407
1.088377427270566
2.884191238334446
0.11799030973618807
0.9772539296445384
1.96267003522189
1.2168977001226726
0.47355108086437925
2.483629780635778
1.1341315417977693
3.1921633499943876
1.4995368524070742
3.821470120919926
3.574215256133955
0.04917003978218348
1.1502932936055124
3.490819643951727
3.6092624354235827
0.3405985776892164
3.951957554762538
1.5763877341471382
2.322823134201599
0.6381975418682249
3.1729917060917865
3.5017242075870265
1.6397488175992039
0.4083600010710904
1.8757173254966633
1.9271531128787256
3.9927066599370784
2.3938221658653305
2.7939672906418918
0.00685352172405862
0.9371084018801326
2.210951230740755
1.5666083703697367
0.01702775693818115
0.17317996361856647
2.9319949317761624
1.0916867799378647
1.6554626485392148
1.5281022718538995
0.6155930076947835
0.277093632020029
3.5575395303953403
3.1841503319247257
0.1862748773431635
1.4309184110903383
2.442566300297756
3.03450543627549
1.6019521604717815
0.2190458522862353
1.7823086897370026
0.5594987798256517
0.812082681567075
3.484325832502694
0.9529888065103274
0.5834107102907722
0.7239121109130418
3.3909576500542165
0.3269031323853393
3.55479187493282
1.002645766594036
2.1755139792759026
1.4123564005986058
2.9524585684597047
3.244237380202277
2.5961877329375866
3.6636471048088324
0.045397456281160764
0.25508113789358955
2.64224012369814
2.2657756014657986
1.026314075957639
2.891039701106943
0.9139616232621854
0.3416409864837422
2.541432344971068
3.1100666548404874
2.9760337009812226
1.120624249572955
3.016734754915532
2.084588339542346
3.3008968724244006
1.129198056592546
1.8476368582592761
2.5604165041682037
3.1008806832596063
0.4866940878679471
0.4937213421916238
1.2623786901886254
3.0772045230217593
1.7641144535174629
0.029333711133167295
2.8962606990227444
0.7197521811512955
2.1363759720173188
3.8780248571907476
0.7334360509783067
0.3324612903171298
0.639040650736344
3.4313917651918113
0.6304668195945897
0.07944742035976926
3.120166094083815
1.357971766030936
1.4427510486875623
2.5781971249603686
3.253848973063945
1.271074207556799
3.8494320235934123
3.284601120040307
1.3584690448734085
1.2146288862290224
2.3492310633907105
2.3598030780795805
3.6415190296463504
1.586547309817822
1.5234458473110362
3.2872845553474623
2.7954019996334174
0.4628980882185374
0.4851620513978663
0.3240706490932119
3.3512453315761386
1.3976157848342683
3.4806382507767633
3.232024315407222
3.9825773837980196
3.83233450769516
2.8128879261725084
1.0299968256130687
0.9024697153778605
2.1997249923940396
2.4624619902403175
3.9410245074127594
0.944738209256204
0.9227781288570203
2.9492104208886607
3.2117743012792683
1.9029167078454705
1.635841493493937
2.342668275061054
2.841950300995127
0.42947019936384656
2.564857165016051
1.3933057578392791
3.7472999057814467
1.3215944383342668
1.3268454322376688
0.2067532190268584
2.5155418798618454
2.822175376121023
0.42663600276017544
1.026285029666703
2.454593330956664
1.1358978177177228
2.2315162794416206
2.3191143160722563
1.2718423000482484
2.1739464532098416
1.2064194360829599
3.878607454502122
1.4783029581582934
2.4151765875760636
2.5411930407915864
2.991821927807338
3.94791291253624
3.863888297181387
3.1337190483578365
2.0057515032031623
2.850168984351859
2.7481508748056167
3.050469551728806
2.7485432443086277
3.168447746654691
3.205472305116794
2.0910639299608182
0.402674101669783
2.0450179258920125
0.958887501425906
0.37407135095857225
0.6118691528408116
1.6436278743686792
0.20177887514212234
1.888132581107945
0.4162982873277219
0.1061917588363106
2.2671162525067547
1.3496230898117574
2.442466883525732
2.038997362137301
2.258676717266642
0.31981505316643055
0.4166285982682201
0.33309704343404123
0.6242844854101315
2.8037699645345824
0.13569575242851029
2.3847064952584374
2.5085744711529143
1.470058556346892
0.6861480542460101
1.1915837536998293
1.4460416778950989
3.030211939346741
3.1733974685781834
0.24008419451733953
1.0830158977072366
3.4836219616104507
0.5091429053083338
0.49017199901847164
2.3196740899330033
3.642661585212956
0.3996432924522124
1.6647134359501745
0.98023794831541
2.7815579356530002
2.8837278214349293
0.18713854799960306
1.0845517898349155
2.5250152383904525
3.326758669288465
2.851896278379707
2.238411428832744
0.19324946289301703
1.154640554101269
1.0565777046150298
1.4767481284455446
0.9948796740707797
3.8337074274947054
3.4301442885454283
1.627609854443325
0.3501994220946987
3.819216884884129
1.597112355225582
3.4368593096176214
3.141178337125919
1.1795421291885768
2.5758199463531986
3.30369746136591
2.905012068171607
3.435552710726421
2.293849360166196
2.1337493202219378
2.6206744798631183
1.6808645452341997
1.4577193171818577
1.3078853705766957
0.5904944571418955
1.8507257141911637
3.6692344285985405
0.36232429816150225
1.316128329197575
0.3221764274559926
3.5939993712292484
3.5409477134342286
1.9469966884951684
0.13758857659862445
3.018121351040644
1.2924889022937216
2.17574907051141
3.4004022217303134
3.730475095630959
3.325823108144175
0.42643620752646383
0.5632593676953634
1.9479775703374345
0.9164869210286635
0.879220610687915
2.9865550276426798
3.6165589996913656
1.7608227443681352
0.7973514249713811
0.30614861287742867
0.11836929424263998
2.6495852792958017
3.230484951181265
1.1263617969628292
1.2903749786419954
2.64841392536426
2.881795042590191
0.916008774763005
2.3106299522939033
3.0972745947176312
1.018468782058707
0.2402641452431551
0.3985996535556686
3.7263730830712816
2.03669120158978
2.1667772696270546
1.8547563876004705
0.4744715800183301
2.6751169256857183
3.2105900554495226
3.982682014705262
3.547142504853174
2.2875818357606192
0.3651684071225598
1.9765614762891413
0.4372227857726734
3.8098582772113456
1.0113843125554673
1.2578334803051665
1.6638021831821592
2.8976409559795187
2.9569727259122547
1.234438760566296
2.215164145399776
0.1601461778819293
0.09907317697964269
0.29667959854578374
1.281340147998598
2.405667617744603
1.4803930791604372
3.1056495874655443
2.896458521750841
3.655211987151062
2.938435713165291
2.826071988023927
1.2682737490731677
1.07611312405249
2.4822262601408225
3.271068179386834
3.8083420398384478
0.039874795813688024
3.121455805618894
2.5799464079498904
2.2162863188418864
1.446764578647577
2.82143785730923
0.6118068724083403
2.687337007577014
2.37167370483873
0.1401637174454775
0.9576119905037168
3.645538629012425
2.7205067341790095
0.7787393846145636
0.33283059136571547
2.054708289001685
1.305328173185519
2.318907412377796
0.42981970059071717
0.37965522311652666
1.9956995088254157
2.8714361258784273
3.611885120208803
1.072480330531992
1.3467272888845563
0.7644049073491432
1.0358685830263057
2.491708509215201
1.998855286167561
3.2305671852522453
0.8864060511807268
3.7476483940106062
1.6950826064003741
1.8446705327489554
0.20348108327420267
0.24574412225270548
2.9332249815913474
3.673765517891658
3.7011877127029993
1.9021623438098474
1.3861194174725506
1.8004601330401124
1.1386260427551806
0.4245960127855266
1.2357900589352933
1.9027330390962955
3.6136976444108155
1.002376872459371
2.962208979366087
3.0322030731868526
3.41764455478279
2.6755047047281875
0.3222689238211234
2.8478371370995395
2.3083021880557344
1.9059048767031466
0.7198062910243372
1.7613554183325597
3.29738333669993
3.1379028753053007
0.3131557539973251
1.519614122634319
3.4252898547066826
3.0031650359412247
1.858303504616666
1.0001907391307987
1.8999165156354896
2.1423703702094525
1.6740795104337245
2.8794669888213
1.9871230977320193
1.0038797263516779
0.4935392006363015
0.6492330512667319
2.6013327136903635
1.9211965279089354
0.8106224089454241
3.3348024864608816
3.896417178441908
2.4351981801979683
3.7382937126424554
1.53910628263781
2.2973852403680652
3.641165349598507
2.378116075157081
1.070325589151571
2.983919954507107
0.7705938463859212
1.6434305624869627
2.0000441625953704
3.0748504857234478
1.206103979579661
3.3357043962209847
2.306742932357104
1.7861880067165807
2.264652014764136
2.9269030167427683
1.5030474630546524
3.680608255747862
0.22170184285958916
3.7008561801642186
0.5678437592665517
0.5913815089286016
1.6262072785722843
1.03464862668912
1.8252270888234876
0.5070799957507601
3.2519302293459735
1.6952758617263726
1.6928039386945297
3.323216414788474
0.5256425632875481
1.8151685107339004
2.2406809390783184
0.41804350573837556
2.135291140488967
0.7716318865544549
0.19041312287644363
2.403783804915063
1.7289444016278535
2.986581251832754
1.1985049728997579
3.319477892469025
0.6566369497397644
0.8105626426303836
2.515382232476143
0.8867218852344676
1.4025873483393405
2.04390807310821
0.7058496619194137
1.7915162966583713
3.828797126235669
2.4093398836287307
2.472867044694097
1.9921636285376954
3.8830962546166106
1.897619364795819
1.7752761755968076
1.9265044485412504
1.067433172015026
2.583095618999863
2.9316683432738606
0.4252971684946152
3.2604805444657257
0.7921519322375552
1.8658301025159494
0.49190104967404524
3.6154742973542175
3.3716358972400493
3.8992427249182904
1.4920055788880848
1.9892528272083871
1.5008030952598337
1.8628975058576662
3.732432478118502
3.9731061050086507
3.0046817447513585
1.0037466637687165
1.2492054881179158
2.4686684257771834
0.3888806889404792
2.6507386217850932
3.247329076267293
1.6289144319659585
0.1661716251445129
0.5254635257440641
1.0113826130837893
0.887741219181629
0.9885981143659337
0.4313934634098051
3.7531389667190553
2.4173062690259783
0.1395397237011342
3.7608605362237593
3.33798763552869
3.6616841396733912
3.9044537729522726
1.936175711136546
1.8337650662545446
3.457001667011816
1.50228419186621
1.0363983297671893
3.723133425335249
1.8631454995025032
2.0559698094940617
1.513653479520927
0.05221758401981891
3.496482474990627
1.3066945273835158
2.597954131082097
2.075983645049128
1.3331024517703538
2.733582795035044
1.6321489954780395
0.9776195500262097
3.3607050438569908
2.130375335173434
0.4666123715798616
2.139794392394278
1.4951221727335104
1.3803700593948331
0.937697947094275
1.5024161525269961
1.5876221117959881
3.5474827495406487
2.800410716445529
3.6981670891320104
1.892017630748175
2.1336675166378787
3.630134247327328
1.9003318216733094
3.4989351746318853
2.5526109536496837
0.2815038447125153
3.955480357463852
1.5948835654821223
1.4595289423720184
1.5080878833255182
1.0444326251272948
2.342873419981618
1.9799858325853217
0.9626573521815827
0.9286387492626398
1.2193330977488688
3.6339818127288863
2.789933851757381
0.25054113606690187
1.8323832295880638
1.6039340442504662
3.793293476301552
3.332161256086063
1.598387676226284
3.7664373256002945
3.303191231264835
3.272406580544642
3.3496477578899304
2.4409517965166536
3.618670352705249
1.6368713763542342
0.9309966456855294
3.9605610977274948
3.6245530743604837
0.3919991825219058
1.3089921705703884
3.299363954642652
2.9713180089287654
3.7013793036107225
1.8677087174287403
1.481376524295547
1.5684145052806069
3.050182468114098
1.1768695221804686
3.312713034231022
2.842039847889234
3.2491332276626306
0.22757000778155323
2.0448009906712445
1.7822042729563972
0.7822944244845482
0.7593102236417923
0.8214815747514317
0.5186974335342538
1.0834105880769571
0.14596456250527057
3.7479837432022545
0.017433615151697168
1.9895181907008435
1.019299652968841
0.31860316290513424
0.22858920066628352
1.3364246913823066
1.083018844360066
2.754899476354068
0.25674197570128676
3.712763849984428
2.7984660781403643
2.843805197607375
1.5776012846049663
0.4194740940117132
2.851462762194899
0.8123111830370626
0.5028611803226761
3.395917243226633
2.864061554681737
1.5427116449393052
0.9872569360161783
3.573072197010181
3.2228292372227996
1.689182420195153
1.9901758200844113
0.9014417729206854
3.9436808310497047
0.18508968338868081
3.439800277528984
8.003456934524422e-05
2.9423914276408882
1.5280368755730875
1.4495880975406115
0.6408631010489638
1.235007135362617
0.912854350291965
0.29421475347078907
1.4513151947581222
0.4489987776968336
3.7326303503005067
1.1662988323796744
2.1305401497799856
0.3299538685152483
3.4668753298200254
0.4249158788309253
2.844426623439202
3.996055296565399
3.903461002270936
0.21846408326535416
0.12736085104728856
3.4381583398528437
1.421094338290879
2.6989766490191367
3.507207320346228
1.5596713966211468
0.5644356664103025
0.16951826230944222
3.742937811554788
2.8442002343488193
1.9278903139849968
0.3062869641525956
0.3267157003637675
1.873701050052405
0.6890580643382349
1.3185367665708831
0.738656421849043
1.3155759283613966
2.0364124528454344
3.0076517260128988
0.25652723252399534
3.647198192959955
1.1067351660017515
0.40680629422168524
1.0834764139839934
1.4308058300591564
1.5826559346565947
1.5992558636960141
0.8550183302900773
1.7492406425900495
1.882364229300332
2.1874861193898125
0.4978248795922542
2.913166689847931
2.0221425671598814
2.727818784175483
1.4880216442491592
2.586696308540727
3.0965655793511746
3.931662037210998
1.1265113493939598
0.901312113129281
2.2711935580821403
0.6240810689928651
0.5254530936626112
3.5973062933637103
2.5376357636093325
2.4470538546592495
0.9654656995753435
1.5527999650536244
2.951489630524829
0.9425145786645373
0.8479820184223019
3.5871141977259926
2.735789427991961
3.497003517281847
1.5162921548473096
1.2570423963048651
0.5444180236980527
3.040378740094876
1.2981308532812932
3.3414214673803984
2.732367796871475
2.924960637837467
3.196306760857088
3.6155550218953088
1.467816007227193
3.245010476459105
3.234238974909974
3.970950061542868
0.11229994643491814
0.15183200823068344
0.7563854439645441
2.6940756364913057
3.1387027941272554
2.241223274110138
0.16415902583965458
2.5125514957656594
0.4094663894093413
0.961871578718716
1.6699792961584912
0.6692771960387405
2.036481019633044
3.6490532728982483
0.7029782633545674
3.807388411673372
3.6907119125050665
1.6209540909052649
2.389214497275906
1.2378577312419248
2.9133569693549455
2.058646744964161
0.022281390302138604
3.6462025329559125
1.1059488582710122
2.2730585601423754
1.2273508164122173
2.277018237219037
1.4374871101587878
2.990710574100168
3.3264994900201623
2.004787709944807
0.7947579533255946
3.9217330418871
0.9075994744103584
0.9570005008621005
1.4912230053704492
2.2877078962142336
0.5175977665574711
3.034475528728792
0.2626587526203177
0.46320987186114815
0.8763480580039964
1.7963123310175142
1.043952559919676
2.386392347195096
2.6774630711850507
0.8991495893502401
0.04928746440365783
2.539829193270989
3.9711690643864763
1.5131606163537499
0.6917301973566761
2.945970332094524
2.279507692892449
2.7568992392620975
1.5943527551786416
1.0369342076898396
2.700781840857388
3.9574309832560135
3.1985027785449924
3.43548772298699
2.2027124594607077
0.0445862636003409
1.1510085957157563
0.3565740768539323
2.7915275097740593
1.4945977731745632
3.541368449022376
3.331693349421791
3.3228437384181766
2.83520080296448
0.29503797114213404
3.9848082393105866
3.4543283046825914
0.6970232215677084
1.7781897593364482
2.9612177096431207
2.4707682501085886
1.435200717914359
0.34580737143494966
3.6873817167784715
0.267642720670886
0.45997091727077777
2.333110275325657
2.2428480505661383
3.778798756432547
3.256522392219679
1.7678301243421286
1.43907659910353
2.735782107893034
0.1921467557067027
3.5285429639828982
2.4573091039818458
0.5742475181362883
0.623137219810356
2.383531518782074
2.963396466346692
1.281038816221237
1.9008931883102496
2.484175067172448
2.555228751640576
2.1654819831281404
0.5797277425472926
2.433470968794497
2.998989312884075
3.645165215170137
3.817007311414928
3.750090602393445
2.5365686736266473
0.08300258973266761
1.1470926309893894
2.0694093204510913
2.927531981229366
3.3172651014208263
2.564606889611238
2.865897342837802
3.8103087407036713
0.03754708914289706
2.6826832832145135
0.5449875472973567
0.5563204857151662
0.30219880140308275
1.1291727503397593
1.6867679204204196
2.817517999978018
1.9526270607103084
3.4018686474013236
1.0770823875963287
0.2736718892199068
3.402325537509346
1.8657724773423845
2.5906184990142074
2.9176455740727008
3.9068341447990687
3.507834830942163
0.7181709403904231
0.5535195081057918
2.925623676181022
3.1979593759009357
3.397591982140635
3.4653071582937693
0.7822482233868011
1.8120436086063512
0.42798610212326604
0.6005009902850933
1.938225126834463
3.739377034482897
1.9553440258142296
2.2522468131800837
1.4246449645328814
2.919729978396824
3.088392509841244
1.9853243879305786
2.9472420946671396
1.0017733496117613
0.6942262772534127
2.530862650616095
1.4862354855908908
1.3762336769609567
0.7799552553485145
0.4519366441376622
2.9322284649119235
1.7177690511561852
3.458498103994373
3.4939772915808667
1.0852568988999511
2.7630923000161567
1.8613740777693315
3.513810886744124
3.599095331466568
3.7372521753499583
1.341884322285622
0.15317888111435263
2.4105081817651524
0.18329298278914363
1.4691689238226977
2.482660012890189
1.4204008661266734
2.617184375965895
3.101217872461571
1.485954986319813
2.8678782650572936
3.591317618577964
2.9426195387273157
1.9220041540515682
1.0459358615048302
1.0104862625666096
3.8189168416716304
1.7314821171513977
1.5669297369444424
2.8885526611693346
2.0825249661102156
0.44860651022884923
0.05002709639312197
1.921073008924711
3.4007684712856965
0.6677112928176383
2.965056044259325
3.514532373185515
3.791384998341013
0.14765408706913918
3.4082250775534515
2.158125740663446
1.670128808834376
3.1301401215478126
0.5245850801179417
1.543626810956913
2.99635687502524
1.3159349367026922
2.1268463038625893
2.3452666443344774
1.283449606116184
1.3307711816975996
0.49392256025548464
0.15454439498041816
0.6557351528056263
3.715759381183417
1.3915767114866395
1.582264261801961
2.498418565365015
0.6993812065510618
1.823443251055461
1.5883911357818539
2.8118719011702518
2.887967885076356
2.929226750449454
2.869200259133869
1.6732853642479388
0.14053558698009194
1.1579243265593209
2.7821686018800893
3.594327049861945
2.8375537739433416
0.9865589904943968
0.27318194427600373
1.8477009995663765
3.6506646571050223
0.7583122801713733
2.6911224524984956
0.22994660903376518
2.250316636094616
1.187308613954972
1.6040331274089978
0.20948878878246857
0.19943725525033162
2.2033252139443724
1.1313651184869262
1.3529116084504778
1.1064434734783521
3.303871323230882
1.480252515220839
3.889262321668923
0.17154243994978202
2.964309376266078
3.4439022834635993
3.515905257772599
0.1706564179304495
0.05481998746223882
1.3165338332416616
3.181319913243122
2.734037736616665
3.5985273338077244
3.388746892459833
3.681474402084735
3.9753212291901256
0.050646024263717226
1.5451798493412965
1.8628632420227969
1.2904121247316391
0.8973374489114323
3.364403106638745
0.9550219587168267
1.2942098197774459
1.3588213730581655
3.670485112593762
1.8689425451313681
2.045542708920016
0.8348408361030795
2.1903480511301545
3.6917713587379546
1.4757599110155035
2.799062591882316
2.8507814187675784
3.8034021129449522
0.37010533467756046
1.4272910706302304
1.5024972349002228
1.7294002510775384
1.2646904789515023
0.5237088864952892
0.49582291039012016
0.5759641426065221
2.6114725044297358
0.40113458746572306
3.1504444680257495
2.008013982428631
1.5843477558698846
1.4843691013110876
3.4519853568778016
0.8842693170842382
1.061943639943467
3.2241552844279138
3.871830924705509
0.5656252558528805
2.851670463405876
0.9374340195840425
1.1431480540693415
0.9518790899605105
0.058512751413447806
1.5018143931451866
3.8323059667108836
0.3559831061099157
3.229344875308624
3.090627809280383
2.80497029994994
0.8478710244019467
0.06153795806454143
0.07420037878288888
0.20716432345418312
2.031475265085817
2.934969362760714
1.2709534598055034
3.707863273888681
2.252096328460817
3.918695272640919
2.3054005856022575
2.5452593416400537
3.129726136900928
3.1378596118204007
3.2517546839885485
2.4194952861206036
2.2314683560400352
0.5285290388350923
1.0173957716370485
1.9534298122852878
1.9437750677841974
0.8852648859463716
3.29357525654066
1.4603589689253273
3.1015701497656085
1.7028527285753081
0.2099051383804622
2.653758816432504
3.7628328935966358
1.3708080074141127
1.4421386360608137
0.5630901202296652
0.9006292584794844
3.581362671634361
0.3322494070291704
3.4622637315157
3.55168968809675
2.866067823174582
0.660828668842397
1.8738343580379095
0.2913642286695217
0.25332963268397
0.21160262702949995
1.1627292846541182
1.6018051234876496
2.906056414987444
2.3820682036623646
1.19237194773845
2.387145820899149
3.6231147934714456
1.7697424612685064
2.881193644060731
3.848421478740986
1.8148715165314688
3.7075228256901367
0.1494070134350043
2.8842911098423163
0.1842291687596278
3.4991825783718347
2.7824909386016956
3.380709956633671
1.830941577831518
1.9269873689213068
1.7332414548989727
1.1882890476509713
1.2259406518723743
3.19840157893836
1.831167414068085
3.324331925876539
1.3346648521316729
1.709624251620312
2.484372703314051
1.0524298653014639
1.9596070307716529
0.09097573754994848
1.8659019345873338
2.6107950082495375
0.03817730155054866
2.1013448697300157
1.6773237806401742
3.4933557508082926
1.0954910193922962
1.9421066043664492
0.911873194254218
0.5346562320767441
3.6645938578171684
1.979570569366604
2.474798181537887
2.6651268641464227
2.007928855928206
0.8474917479720303
0.9119153931608603
3.2335746341346323
1.3190952299876124
1.5250567776394388
0.6087772070139161
0.25720906844179625
3.682950967771791
1.9344645916056962
0.7285316429101023
1.7905334271645934
1.8533622147896556
0.9887142972959357
3.1919698920382795
3.1976531990768837
1.0357580210551576
0.101836460010571
1.6510134358340451
1.8841314551529171
3.1687523725249416
1.3425093125967829
0.06683402454662657
1.298629126171872
2.355174149991145
3.7522377040872823
3.639778266686959
3.413912168621687
3.5950503104070823
0.4919579440291799
0.8808848208825228
0.19345732164872853
0.6237678319988764
1.8731940335228958
0.4450075790127128
0.7337527961280346
0.28370906720272426
2.092676597538292
0.22333765367833358
3.153124211977943
2.4044779270383883
2.337026030788864
2.025680683033886
3.253732277640167
3.953511184712645
3.656196013319441
0.4161640318690072
1.601161763061214
1.1354155198089022
3.6313779137791578
2.9673139009105225
2.020065631363848
2.882138418035266
2.135832351306182
3.471556045699887
0.5293555527562153
0.6496092626118855
3.0938485497949886
0.380564426517255
0.7721452069402197
0.30585289499602375
0.4165170190370229
2.0721287471784366
0.37528989703968607
1.3837472556335468
3.9237640448816604
1.844968576362494
1.4434856160791947
0.13609860224424786
3.7915100804255397
0.22806878905363348
1.030315518168314
2.7387933117511745
2.0385372816065193
1.4770769052881865
0.4721726784282416
1.697550861957076
3.843536031322526
2.048335568331217
0.49159860928746735
2.7320584009676225
1.9640559393364425
2.5073937997834035
1.475801838222059
3.8942990136534172
3.056874725113385
1.450554407042012
2.415412277920866
1.0471367538979335
2.034368062055977
1.0650535420941636
1.3976391830996255
1.8173591523216306
2.3470445915179288
2.4148466217415456
0.4569072430015626
3.577700266204205
3.842493012465948
1.2991334507705292
2.9699990648611996
2.0660625025032897
3.4740631844078664
1.8092519808437166
3.5079439023091172
0.6244736602128387
2.6078172691397157
2.752676045501196
2.637984616402259
3.6443804036909513
2.3365581279641945
1.9435631708227246
2.7334378116051044
3.249046375761564
2.857267090733653
1.6979555558575181
1.7847256221451033
3.0243889545544005
3.1614414405917888
1.2998733728894067
2.196045452169054
0.5153352431173719
2.449289050755089
3.99358378244255
2.1993938719256105
2.2155802753527327
2.941220362003995
2.6173381793610293
0.06610821360095276
3.173103873710253
3.0812672796127982
2.994089331997961
1.374708407501351
3.9713509449848834
3.4196467440832325
3.184578793564607
1.261047819907831
0.4038791152464123
1.6281517121888753
0.8540141915466277
3.4705647943313864
3.4759652812975084
0.18717697565452163
1.2504822693543667
0.48381568552759235
0.710087888270885
1.820091439352359
3.0866559047634285
0.7569654819261107
3.2121682046694837
0.47005369613177006
1.5619621436866562
2.8588023104087363
2.911613933912576
0.3327139279899285
2.586456101729281
0.7925909891667855
2.717062412394445
3.431155702801407
3.3831243151436183
0.06218829547957583
1.839442839624537
0.8738233929557193
0.4046484181118495
0.8883170930003907
1.983850250051352
0.6469984249600946
2.903894582194676
3.521425488485634
2.2267974984785157
0.8197676468793209
2.1664673938033654
0.37965037558737835
3.730560033355744
1.8847346260380449
0.8223504105666875
3.340142969924544
2.5863711417351043
1.266824449878083
1.336890717998679
3.0974264536432297
2.5491265518259882
2.535537907859711
0.6355232122836205
2.045025014933615
2.366240651437425
3.604133557869426
1.5576089784572429
2.5106947635200725
1.3709771988482813
2.5915496529988515
1.0145428158786558
0.9031163287666488
2.45154294169796
1.530332157324274
3.9434455343566848
2.3348832345046366
2.0303449988258695
0.5460930828741812
1.693171779855323
1.9375992274833287
2.953769036963592
0.5057917516789789
2.737249079128631
0.46575801491624835
1.2489917191856894
0.6012881487951391
2.76816182148183
3.804520453246013
0.07585935551298784
1.2546115570024927
2.3059903977828937
1.7962831999882662
2.0483056867565583
1.465952481681871
1.2968334226352964
0.8572324085864622
1.5720627045385016
1.8702887333920346
3.096622324000695
2.7293901391182223
1.8092648619395835
3.8633809877740397
1.1564091376904666
2.157961401299
2.4256873558743917
3.8604118418351674
0.26255972874475475
2.747867578675571
0.13931973629137806
2.1944824821213986
1.4782944399039462
3.6017382324639415
3.4693982389118503
2.2238291860337744
1.773463526302641
0.6042178422402062
2.1492851010857907
2.396729465874894
1.9081795950790204
2.3508970114530507
1.4243019737167248
2.2271799409870034
0.6470464503172497
0.6903239543956361
1.2650438395699344
1.1489292107328226
3.0036728351056357
0.7966242816541969
2.788361048166933
1.5632556023281357
2.4149010595411613
1.0477765579901797
2.2793562171891
2.4452369175335265
2.0451844348781982
0.47172076821391373
1.2683843419605227
2.8280877939767364
1.3502094434380285
2.1874586942264487
2.3244696306797197
3.912218192852943
3.8130060089807105
3.736842006295244
2.0893903622542145
1.2384295805067516
0.8275546933499665
2.478382905853261
0.1661705567214673
0.23057291719423922
0.23526809999734022
1.9180912500904115
0.9248799235356668
3.150955569768089
0.9738037925422289
0.6697089700440615
2.431164702034176
3.56702631682894
2.810167982209214
2.380500349457036
1.4613789581264092
1.6827681560133438
0.28840052426895957
3.994636709905214
0.06919966018937851
0.25914518122852437
1.7994887200900784
3.489180901332607
0.21601624698533906
2.4746422724318946
0.9486738362462357
2.3708923327682405
1.959273524481751
1.2399322857155162
0.09608329253998527
3.3854080217772555
2.9391904089119163
0.26303279678530345
1.074454784121365
1.5990339133290599
0.12927465173123354
1.2434913214318448
0.37460121036896776
0.9296329178242684
3.520211135993824
3.621346035695943
2.606100648597483
0.039839012806617724
0.6664964611726663
0.673637690584501
3.418452965707883
2.6724417989280576
0.032953470680594954
0.6820279163606009
2.2212341877646833
2.975818989591775
0.8084000455752487
0.043675574232143966
2.3135185625025927
0.1382583312392729
2.120021773816861
1.9514850548852412
2.126803391688268
3.779012760818715
2.2858328868776403
0.5055990504711447
2.0114787291555007
0.2889331879049406
3.641155918418828
3.734882810323873
3.494374075421642
0.8794800941299616
0.11550435316262586
1.8216878933621543
3.0706187213832923
2.344060305277325
0.8480359949216165
1.8964768977362176
2.7222706311217224
2.4246676433136316
2.1286462258141974
3.2610075692532616
1.4721005183629838
3.399410903007132
0.4852899021816053
3.806276345585227
1.7950117149177718
1.412690544521912
3.2664631613752175
0.9830291023900717
0.6166395347572604
3.7203822017025923
1.1979443757127797
0.7873210784215727
1.5744149650833053
3.765046480622768
2.3810743826140626
3.839232375962714
3.8464420287115924
0.5704482309966337
2.315762237381171
3.255771110428972
0.4201782423059628
2.161104344655876
3.9970631394931053
1.6589349544036223
3.47492046241164
3.4258433073721055
1.2211856318607488
2.138008139871603
1.7835923009965908
0.6101300630111584
3.6227949323383966
1.6231905914253226
3.20024503855986
1.8599760881722176
0.30790336208889935
2.169643053133634
0.1335543919325528
2.6553305805424228
0.6693734329939218
0.009580827876559006
1.3701597164287596
1.9031426352515042
2.2048958962722747
1.4896220714902837
3.4777999459179494
3.81804856460945
2.969069261962575
3.4798586808910312
0.749594597279116
2.2099696793391748
2.0779715430230907
1.2449001984313561
3.0137576996964355
0.003967691062932932
1.3546810963873397
3.7597213369263747
2.6517216071275436
3.8206993722964344
3.308774820232231
2.28803412146373
0.13867536094551935
0.009695839431179909
0.035945656392353253
1.9601437248353126
0.3433465306265968
1.1593594123834938
0.8003388305105656
0.5803938989749935
2.1700293543556444
1.5566195966987206
0.7576017455526216
3.1202964724661553
2.366572435759034
2.871642134223557
3.6100746101907557
1.0409721352018826
2.3321258657675794
2.7940715338457043
3.084385304982245
1.6854806646906169
0.020283796612439176
3.4926194897047202
0.7907969866571509
0.4287392041124156
3.795031819249403
3.1388924412512496
1.330001883203853
0.11989419571076043
3.5887637329845425
2.1430243450002138
0.9620972928108413
2.0023282257537
2.578513664504435
3.3199205990111853
2.6045318995956186
3.0504460626810492
0.6551762649312107
3.0733750085973424
1.83090000234459
1.3479855117071358
2.9800733883218844
0.7860879065480195
2.383869376539215
2.960543997561814
0.6783862853639766
1.2474367342846389
3.8820787155563883
1.8863687347347446
1.7847122591997904
1.8864961078279001
0.46304823070300616
0.9709072689334279
0.39752158291822504
1.0508490078057395
0.40172752732464234
3.712924978198256
2.213484995435121
3.0518462459739184
3.0574716850594674
0.9419841080481
0.2923965524672445
0.9416557074941192
1.6087659735028792
3.890401983517904
2.0139878127764184
1.3817643363669334
1.951831297016922
1.9917494059065
3.553462129376321
0.9338931382789468
2.467578025428081
2.014304535126044
3.5586201593183246
1.2574936514612451
3.9495931444287633
1.9893835878317678
1.6459371741429427
2.9700617403344585
0.554335452983207
2.0701042418629463
2.106284339897116
1.0102597202802985
2.90477726958455
2.2795587660656547
1.5437316548216042
2.7957540739743143
3.5992255612200235
0.3251724934693683
1.4260282741647359
3.4699982346882954
2.5820239743022566
3.154558558314483
1.108312342964354
3.060850673273445
2.941939979058784
1.8192658406064792
1.5077790672112683
3.564180623981587
2.9358488974181878
0.9457530528284606
2.460455451173124
2.1557222441227792
3.944195113700321
3.7419089405716255
0.8944708090236491
1.2020582339824206
2.225159076066017
0.08377181648639498
2.4493477891056794
1.6791700595884187
0.21751335540531214
0.8242791560761149
3.169102431081788
3.863528237847644
2.7441259078759996
2.4912286591567145
1.0721058943618367
1.2955003534916512
3.957442735960741
2.938532523011154
0.6452939415130334
2.0186751466637114
3.525339924241625
0.27977702684706873
1.6395466947977924
1.7474516227245238
3.276074669631862
0.21683064242383665
3.522980825909174
0.8536824344997394
2.6018171506392243
0.5144037801548844
1.606364134327535
1.7253391765593649
0.34227849627720097
2.590090622679972
3.3810095386446357
1.3069278505557005
1.0678135944810951
2.450165542737827